Frame,Mean
1,2004.75
2,1959
3,1939.75
4,2243.75
5,2618.75
6,2852.75
7,2939.5
8,2915.25
9,2799
10,2110.75
11,1770.5
12,1756.75
13,1866.75
14,2260.25
15,2554
16,2789.25
17,2907
18,2874.75
19,2843
20,2425.5
21,1912.75
22,1854.5
23,1917
24,2267.75
25,2535.75
26,2879.5
27,2886.25
28,2859.5
29,2801.5
30,2682.75
31,2282.5
32,1971.75
33,1801.75
34,1889.75
35,1979.25
36,2322.25
37,2587
38,2898.25
39,2951.75
40,2792.75
41,2874
42,2622.5
43,1965.25
44,1731
45,1708.5
46,1878.25
47,2141
48,2415.5
49,2842.25
50,2895
51,2866
52,2801
53,2664.75
54,2362.25
55,1881.75
56,1864.25
57,1956.25
58,2020.25
59,2306
60,2618
61,2801.25
62,2838.25
63,2861.75
64,2698.5
65,2745.5
66,2251.75
67,2054
68,1876.5
69,1832
70,2183
71,2441.25
72,2603.5
73,2894
74,2971
75,2795.25
76,2748.75
77,2521
78,1991.5
79,1746.75
80,1683.25
81,1775
82,2072
83,2517.25
84,2712.25
85,2962.25
86,2858.5
87,2862
88,2530.5
89,2057.25
90,1763
91,1751.5
92,1799.5
93,1986
94,2326.5
95,2690.5
96,2832
97,2854.75
98,2836.25
99,2703.25
100,2553.75
101,2076
102,1810.25
103,1754.25
104,1996
105,2147.75
106,2364.5
107,2764.5
108,2907.5
109,2859.25
110,2731.75
111,2690.75
112,2539.25
113,1927.75
114,2003.5
115,2023.75
116,1926.75
117,2275.25
118,2571.25
119,2846.75
120,2892
121,2755
122,2665
123,2641
124,2232.5
125,1941.25
126,1926.25
127,1910
128,2129.25
129,2460.5
130,2713.75
131,2836.25
132,2912.75
133,2753.5
134,2635.5
135,2555.75
136,1835.25
137,1770.75
138,1881.75
139,1861.5
140,2164.25
141,2575.5
142,2762.25
143,2881
144,2793.75
145,2795.25
146,2739.25
147,2240.5
148,2037
149,1811.75
150,1809.25
151,1887.5
152,2349.75
153,2511
154,2731.75
155,2886.25
156,2908.25
157,2676
158,2584
159,1991
160,1807.5
161,1738.25
162,1896.75
163,2210.25
164,2528.25
165,2759
166,2818.25
167,2889.25
168,2803.5
169,2711.5
170,2573
171,1999.25
172,2013.75
173,2009.5
174,1949
175,2296.5
176,2546.25
177,2899.75
178,2920.25
179,2881.5
180,2714
181,2619.25
182,1991.5
183,1911.25
184,1762.25
185,1775.75
186,1932.75
187,2326.5
188,2538.75
189,2830.75
190,2887
191,2828.5
192,2675.75
193,2459.5
194,1998.25
195,1770.75
196,1802.25
197,1837.75
198,2320.5
199,2629.25
200,2809.5
201,2886.75
202,2840.5
203,2799
204,2753.5
205,2297.75
206,2031
207,2117.25
208,1977
209,2009.5
210,2318.5
211,2693
212,2936.5
213,2957.75
214,2838.75
215,2705.25
216,2538.25
217,2040.5
218,1866.75
219,1813.5
220,1778
221,2092.5
222,2393.25
223,2572.25
224,2761
225,2898
226,2824.75
227,2744.5
228,2626.25
229,1971.5
230,1924.75
231,1775
232,1854.5
233,2267
234,2593
235,2847.75
236,2907.25
237,2872.25
238,2751.25
239,2589.5
240,2287.5
241,1892
242,1833.5
243,1915.75
244,1949.5
245,2401
246,2625
247,2833.75
248,2970.75
249,2917.5
250,2731.75
251,2634.75
252,1826.75
253,1852.5
254,1905.5
255,1947.25
256,2337
257,2625.5
258,2805.25
259,2775
260,2882
261,2892
262,2828
263,2438.5
264,2082.5
265,1864.25
266,1766.25
267,1896
268,2266.25
269,2604
270,2861.75
271,2901.5
272,2794.75
273,2784.5
274,2584
275,2006.5
276,1838.25
277,1828.5
278,1889
279,2090.25
280,2577.25
281,2786.25
282,2918.5
283,2866.75
284,2759.75
285,2662.75
286,2554.5
287,1876.5
288,1878
289,1857.5
290,1961
291,2238.75
292,2613.75
293,2749.75
294,2893.75
295,2877
296,2865.5
297,2588.5
298,2118.5
299,1619.25
300,1738.75
301,1842
302,2009
303,2419
304,2863.5
305,2971.5
306,2861.25
307,2759.25
308,2731.25
309,2567
310,1878.75
311,1706.25
312,1686.25
313,1824.25
314,2213.5
315,2466.75
316,2769.5
317,2953.25
318,2857.75
319,2861
320,2764.5
321,2231.25
322,1854.5
323,1639.75
324,1672.75
325,1917
326,2367
327,2458
328,2920.5
329,2907.75
330,2771.5
331,2694.25
332,2550
333,1891.5
334,1768.25
335,1745
336,1778.25
337,2258
338,2492
339,2729.5
340,2907.25
341,2862
342,2709.25
343,2632.25
344,2452.25
345,1825.25
346,1795
347,1797
348,2060.25
349,2431
350,2672.25
351,2799.5
352,2908.25
353,2831.25
354,2667.25
355,2527
356,1998.5
357,1841.5
358,1639.75
359,1829
360,2027.75
361,2546.25
362,2715
363,2917.5
364,2865.25
365,2795.5
366,2719.75
367,2398
368,1891.75
369,1843.75
370,1748.75
371,1923.5
372,2242.5
373,2667
374,2831.25
375,2876
376,2952.25
377,2739.5
378,2672.5
379,2108
380,1828.25
381,1717
382,1738.75
383,1947.5
384,2327.5
385,2551.25
386,2820.75
387,2884.75
388,2828.75
389,2570
390,2509.25
391,1922.75
392,1811
393,1780.75
394,1893.5
395,2205.5
396,2600.75
397,2855.75
398,2932
399,2802.75
400,2726
401,2634.25
402,2316.5
403,1756.5
404,1916
405,1834.75
406,1986.5
407,2304.25
408,2676
409,3019.5
410,2869
411,2871
412,2739.75
413,2646
414,2055.75
415,1763.75
416,1776.25
417,1822
418,2032.75
419,2407.25
420,2673
421,2820.75
422,2853
423,2859
424,2799.25
425,2568.75
426,1883.75
427,1820
428,1729.5
429,1932.75
430,2264.75
431,2587.25
432,2821.75
433,2924.5
434,2904
435,2740
436,2614.5
437,2078.5
438,1769
439,1802
440,1779
441,2017.75
442,2479.25
443,2748
444,2934
445,2910
446,2759.75
447,2809.25
448,2700.25
449,2032.75
450,1812
451,1765
452,1926.25
453,2303.75
454,2636.25
455,2743
456,2909.5
457,2754.5
458,2683
459,2630.75
460,2031.75
461,1823
462,1802
463,1878.5
464,2035.5
465,2566
466,2755.25
467,2932.75
468,2877.75
469,2838.5
470,2777.25
471,2674.25
472,2021.25
473,1850.25
474,1811.25
475,1894.75
476,2178.25
477,2590.75
478,2707
479,2869.5
480,2929.75
481,2876
482,2824.5
483,2626
484,1886.5
485,1824.5
486,1636.25
487,1796.5
488,2174.5
489,2596.5
490,2843
491,2972.25
492,2842.75
493,2706.75
494,2564
495,2164
496,1782
497,1766.75
498,1884
499,2071.5
500,2409
501,2733
502,2869.25
503,2988.25
504,2905.25
505,2838.75
506,2780.5
507,1976.5
508,1725.25
509,1765.5
510,1918.25
511,2175
512,2597
513,2817.5
514,2924.75
515,2845.5
516,2833
517,2674
518,2491.75
519,1878.75
520,1884.75
521,1809.75
522,1932.5
523,2301
524,2507.5
525,2850
526,2980
527,2830.75
528,2789.75
529,2587.75
530,1943.75
531,1675.5
532,1677.75
533,1792
534,2071.5
535,2500.25
536,2750
537,2926.75
538,2826
539,2820.75
540,2843
541,2629.25
542,2028
543,1779.75
544,1814.5
545,1928.25
546,2285
547,2649
548,2893.75
549,2967.25
550,2815.5
551,2775.25
552,2658.5
553,1973.25
554,1869.5
555,1793
556,1810.75
557,2091.5
558,2390.75
559,2653.5
560,2827.25
561,2906.75
562,2771.75
563,2695.5
564,2622
565,1909.5
566,1740.5
567,1734.5
568,1896.5
569,2129.25
570,2628.25
571,2715.25
572,2934.25
573,2848.75
574,2934
575,2831.25
576,2536
577,1852.25
578,1616.5
579,1681.75
580,1828.5
581,2181.25
582,2483.5
583,2929.75
584,2910.25
585,2804
586,2758
587,2661
588,2061.5
589,1691.25
590,1760
591,1842.25
592,1995.75
593,2513
594,2913
595,3019.75
596,2922.75
597,2795.5
598,2662.25
599,2453
600,1957
601,1736
602,1641.75
603,1814
604,2132.25
605,2526.5
606,2756.25
607,3044
608,2927.25
609,2892.75
610,2657.5
611,2596
612,1902.75
613,1840
614,1992.5
615,1996.75
616,2380
617,2663.75
618,2835.5
619,2928
620,2774.5
621,2738
622,2538
623,1982
624,1833.5
625,1733.25
626,1856.5
627,2154
628,2552.75
629,2765.75
630,2849.25
631,2890.75
632,2793.5
633,2658.25
634,2516.25
635,1780.25
636,1701
637,1828.75
638,1898.75
639,2166.75
640,2724.5
641,2832
642,2947.75
643,2852
644,2831.5
645,2775.5
646,2422.5
647,1902.75
648,1952
649,1938
650,2030.75
651,2329.5
652,2660.75
653,2797
654,2902
655,2943.25
656,2790
657,2654
658,2057.5
659,1725.75
660,1670.5
661,1788
662,2050
663,2482.5
664,2810.75
665,2954
666,2874
667,2866.75
668,2822.75
669,2681.75
670,1958
671,1824
672,1872
673,1915.25
674,2327.75
675,2589
676,2817.75
677,2919.75
678,2872.25
679,2834
680,2668.75
681,2258.5
682,1773.75
683,1705.25
684,1816.5
685,2020.25
686,2356
687,2695.5
688,2859.75
689,2884.5
690,2880.5
691,2876.75
692,2665.25
693,2042.5
694,1890
695,1744.5
696,1792.25
697,2143.5
698,2521
699,2675.25
700,2903.25
701,2893.25
702,2790.5
703,2580.5
704,2427.5
705,1869.25
706,1769
707,1817.25
708,1964.5
709,2359.75
710,2720.25
711,2896.75
712,2885
713,2846.25
714,2775.75
715,2647.25
716,2177.25
717,1810.5
718,1742.25
719,1788
720,2083.75
721,2477.5
722,2803.75
723,2884
724,2845
725,2722
726,2713.5
727,2432
728,1781
729,1839.5
730,1898.5
731,2017
732,2412.25
733,2717.5
734,2941.5
735,2957.25
736,2911.5
737,2815.5
738,2674
739,2215
740,1983.75
741,1918.25
742,1751.5
743,1954.75
744,2447.25
745,2681
746,2814.75
747,2933.75
748,2910.5
749,2690.25
750,2581
751,1934.75
752,1730.75
753,1674
754,1846
755,2237.75
756,2460.25
757,2731.5
758,2829.25
759,2769.5
760,2660.5
761,2743
762,2492.5
763,2051.25
764,1814
765,1798.25
766,1940.5
767,2379.75
768,2594.75
769,2843.75
770,2936
771,2880
772,2767.75
773,2657.5
774,2014.5
775,1769.75
776,1720.25
777,1779
778,2095.75
779,2463
780,2619
781,2819.25
782,2852.25
783,2883
784,2780.25
785,2526.5
786,2048.5
787,1680.5
788,1631.25
789,1826.5
790,2130
791,2558.5
792,2839
793,2995.5
794,2860.25
795,2802
796,2557.75
797,2164.5
798,1813.75
799,1903.75
800,1926.75
801,2126.5
802,2553
803,2818.75
804,2956.75
805,2873.25
806,2801
807,2738
808,2547.75
809,1968.25
810,1822.25
811,1782.75
812,1809.5
813,2184.25
814,2489.75
815,2754.5
816,2932.5
817,2961.25
818,2821.25
819,2685.5
820,2437.25
821,1854.75
822,1767.25
823,1801.25
824,1959.5
825,2392.75
826,2687.75
827,2950.5
828,2915.75
829,2834.75
830,2733.5
831,2682.5
832,2374.5
833,1941.25
834,1817.5
835,1836
836,2051.75
837,2420.5
838,2570.5
839,2830.75
840,2845.75
841,2829.25
842,2736.75
843,2633.25
844,2127.75
845,1987
846,1790.75
847,1841.5
848,2105.75
849,2557.25
850,2756.75
851,2819.5
852,2818.75
853,2734
854,2671.5
855,2311.75
856,1811.75
857,1696
858,1760.5
859,1993.5
860,2378.5
861,2628.5
862,2837.75
863,2895.25
864,2779.75
865,2694
866,2619.75
867,2253.25
868,1801
869,1713.5
870,1731.5
871,2044.75
872,2527
873,2894
874,3136.5
875,2983
876,2874.75
877,2749
878,2574.25
879,1979.25
880,1876
881,1804
882,2067.5
883,2305
884,2648.5
885,2981.75
886,2896
887,2810
888,2834
889,2691.75
890,2589.75
891,2020
892,1790.75
893,1811
894,1947.75
895,2292.5
896,2634.75
897,2794.25
898,2981.25
899,2886.75
900,2694.75
901,2601.75
902,2176.5
903,1808
904,1643
905,1735.5
906,1860.25
907,2359.25
908,2592
909,2863.25
910,3039
911,2789.25
912,2657.25
913,2557.5
914,1833.5
915,1735.25
916,1677
917,1776
918,2313.5
919,2627.5
920,2971.5
921,2891.75
922,2899.25
923,2816.5
924,2663.75
925,2372.5
926,1794.75
927,1789.5
928,1764.75
929,2005.25
930,2559.75
931,2745.25
932,3065
933,2938.75
934,2825.75
935,2728.75
936,2611.25
937,2138.75
938,1849.75
939,1857.25
940,1869
941,2113.25
942,2498.5
943,2719.25
944,2930
945,2942
946,2792
947,2642.75
948,2431.75
949,1888.5
950,1739.75
951,1754.25
952,1987.5
953,2412
954,2628
955,2772.75
956,2957
957,2844.25
958,2762.75
959,2769.25
960,2283.75
961,1854
962,1688.25
963,1726.25
964,2035.75
965,2326.5
966,2537
967,2851.25
968,3001.5
969,2930.25
970,2750.75
971,2575.25
972,1905.75
973,1787.25
974,1702
975,1902.5
976,2312.25
977,2662.75
978,2780.5
979,2838
980,2836.25
981,2816.25
982,2853.25
983,2428.75
984,2013.5
985,1752
986,1706
987,1973.25
988,2381.75
989,2578.5
990,3044
991,3115
992,2842.25
993,2699.75
994,2563.25
995,2122.25
996,1745.5
997,1686.75
998,1810.5
999,2126.75
1000,2529.25
1001,2892.75
1002,3027.5
1003,2909.75
1004,2789
1005,2651.25
1006,2467.5
1007,1858.25
1008,1739
1009,1869
1010,1964.75
1011,2341.75
1012,2670.75
1013,2743.5
1014,2920.75
1015,2948
1016,2866.75
1017,2837.75
1018,2445
1019,1882.75
1020,1674.5
1021,1741
1022,1952.25
1023,2369.75
1024,2717.5
1025,2842.5
1026,2907
1027,2772.5
1028,2723.75
1029,2585.5
1030,2041.75
1031,1805.5
1032,1713.25
1033,1781.5
1034,2051.75
1035,2490.25
1036,2907
1037,2975.25
1038,2883.25
1039,2787.25
1040,2778
1041,2593.25
1042,2077.25
1043,1862
1044,1786
1045,1821.25
1046,2123.25
1047,2533.5
1048,2765.5
1049,2876.25
1050,2920.25
1051,2848
1052,2620.75
1053,2476
1054,1999.25
1055,1858.25
1056,1901.75
1057,2047.75
1058,2437.5
1059,2652.75
1060,2842.5
1061,2967.75
1062,2905.5
1063,2820.5
1064,2596
1065,2185
1066,1732.5
1067,1656.5
1068,1721.5
1069,1997
1070,2420
1071,2818
1072,2981.25
1073,2926.75
1074,2803.75
1075,2690
1076,2525.75
1077,1969.25
1078,1764.5
1079,1745
1080,1849.25
1081,2397.25
1082,2727.5
1083,2912.5
1084,2956.5
1085,2895.75
1086,2817.5
1087,2682.5
1088,2421
1089,1837.25
1090,1786.25
1091,1831.25
1092,2033.25
1093,2425.25
1094,2847
1095,2927.75
1096,2953
1097,2873.25
1098,2818.25
1099,2585.5
1100,2204.5
1101,1875.25
1102,1874.25
1103,1973.5
1104,2084
1105,2462.25
1106,2742.25
1107,2840
1108,3010.25
1109,2874.25
1110,2881.5
1111,2732.5
1112,2059.75
1113,1823.75
1114,1657.75
1115,1869.75
1116,2144
1117,2474.75
1118,2752.25
1119,2858.75
1120,2817.5
1121,2756
1122,2609.75
1123,2413.75
1124,1738.5
1125,1705.75
1126,1793
1127,2013.25
1128,2369.75
1129,2692.75
1130,2981
1131,2851.75
1132,2898.25
1133,2804.25
1134,2699.75
1135,2095
1136,1865.25
1137,1674.25
1138,1738.5
1139,2033.25
1140,2431
1141,2762.75
1142,2812.5
1143,2833.75
1144,2882.5
1145,2726.5
1146,2721
1147,2020.5
1148,1998.25
1149,1761
1150,1925
1151,2285.75
1152,2685
1153,2883.75
1154,2955.5
1155,2878.5
1156,2822
1157,2625.5
1158,2466.5
1159,1832.25
1160,1996.25
1161,1824.25
1162,1968.25
1163,2412.75
1164,2694.5
1165,2908
1166,2954.25
1167,2957.5
1168,2887.5
1169,2585.25
1170,2114.25
1171,1715.25
1172,1690.75
1173,1698.75
1174,1987
1175,2362.25
1176,2675.5
1177,2821
1178,2940.25
1179,2896.25
1180,2843.5
1181,2557.25
1182,1837.75
1183,1727.5
1184,1618.25
1185,1765.75
1186,2150.75
1187,2670.5
1188,2861.75
1189,2975.5
1190,2903.25
1191,2806
1192,2704
1193,2307.5
1194,1887.75
1195,1652.25
1196,1655.25
1197,1843.25
1198,2354.25
1199,2634
1200,2823.5
1201,2942.75
1202,2836.75
1203,2726.75
1204,2629.25
1205,1972.75
1206,1721.75
1207,1655
1208,1790.5
1209,2293
1210,2579
1211,3015.75
1212,3068.75
1213,2908.5
1214,2771
1215,2728.75
1216,2627.75
1217,1977.75
1218,1737.75
1219,1675.75
1220,1807
1221,2231.75
1222,2554.5
1223,2860.5
1224,3089
1225,2929.75
1226,2734.5
1227,2567
1228,2253
1229,1737.5
1230,1698.25
1231,1768.5
1232,1934
1233,2319.5
1234,2875.5
1235,2901.75
1236,3086
1237,2780.5
1238,2742.25
1239,2584.75
1240,2052.25
1241,1768.5
1242,1639.25
1243,1836.75
1244,1990.75
1245,2490.5
1246,2706.25
1247,2987.25
1248,2973.75
1249,2826
1250,2759
1251,2448
1252,1802
1253,1672.5
1254,1615.5
1255,1930.5
1256,2306.25
1257,2745
1258,3104.25
1259,3027.75
1260,2841.75
1261,2731
1262,2543.25
1263,2208.25
1264,1722.75
1265,1705.25
1266,1636
1267,1958.5
1268,2421.25
1269,2678.25
1270,2913.5
1271,2929
1272,2807.75
1273,2814.5
1274,2568.5
1275,1956.75
1276,1651.75
1277,1621.75
1278,1832.25
1279,2143.25
1280,2607.25
1281,2942.5
1282,2995.25
1283,2814
1284,2760.75
1285,2708
1286,2450
1287,1732.5
1288,1641.5
1289,1768.25
1290,2104.25
1291,2527.5
1292,2925.5
1293,2950.75
1294,2879.25
1295,2797.75
1296,2797
1297,2602.5
1298,2074
1299,1752.5
1300,1569.25
1301,1832.5
1302,2073.5
1303,2339
1304,2867.5
1305,3061
1306,2979.75
1307,2817.25
1308,2753.5
1309,2597.5
1310,1979.5
1311,1789.25
1312,1696.5
1313,1892.5
1314,2359
1315,2556.75
1316,2908.25
1317,2915.5
1318,2857.75
1319,2692
1320,2655.75
1321,2042.5
1322,1773.25
1323,1715.75
1324,1758
1325,2150.25
1326,2377.5
1327,2640.25
1328,2832
1329,2865.25
1330,2892.75
1331,2855.25
1332,2540.25
1333,1960.5
1334,1682.75
1335,1624.25
1336,1802.5
1337,2220.5
1338,2585
1339,2987
1340,3007.5
1341,2950.25
1342,2834.25
1343,2735.75
1344,2288
1345,1897.75
1346,1690.75
1347,1767.25
1348,1957.75
1349,2313.5
1350,2735.5
1351,2827.75
1352,2956.75
1353,2863.5
1354,2740
1355,2590.75
1356,2024.25
1357,1714.5
1358,1708.75
1359,1793
1360,2077
1361,2399.75
1362,2726.5
1363,2814.5
1364,2932.25
1365,2894.75
1366,2874.25
1367,2626.5
1368,1952.75
1369,1720
1370,1602.25
1371,1802
1372,2234.5
1373,2547.75
1374,2829.5
1375,3002.25
1376,2930.25
1377,2777.5
1378,2583.5
1379,2045
1380,1671.25
1381,1613.25
1382,1756
1383,2183.25
1384,2441
1385,2769
1386,2923
1387,2840.5
1388,2826
1389,2753.75
1390,2555.75
1391,1831.25
1392,1734.75
1393,1782.25
1394,1871.25
1395,2344.25
1396,2774.75
1397,2754
1398,2894.25
1399,2948.5
1400,2848
1401,2667
1402,2373.25
1403,1879.75
1404,1709
1405,1676.75
1406,2017
1407,2281.25
1408,2672.75
1409,2797.25
1410,2875.25
1411,2815
1412,2762.75
1413,2613
1414,1995
1415,1686
1416,1628
1417,1882
1418,2024
1419,2591.5
1420,3050.75
1421,3146.25
1422,2860.75
1423,2900.5
1424,2787.25
1425,2596.25
1426,1990
1427,1735
1428,1695
1429,1819.25
1430,2247
1431,2605.5
1432,2887.5
1433,2960.25
1434,2878
1435,2732
1436,2739.5
1437,2493.5
1438,1788.25
1439,1731.25
1440,1829.25
1441,1917.75
1442,2515.5
1443,2637.5
1444,2911.5
1445,2931.25
1446,2981.75
1447,2886.25
1448,2823
1449,2302.25
1450,1814
1451,1701
1452,1739.75
1453,1927.75
1454,2469
1455,2664.25
1456,2883.75
1457,2929.5
1458,2834
1459,2860.5
1460,2564.75
1461,2013
1462,1717
1463,1631.25
1464,1777.5
1465,2132.25
1466,2689.5
1467,2933.25
1468,3036.25
1469,2950.5
1470,2792.5
1471,2640.25
1472,2450
1473,1887.5
1474,1671
1475,1712.5
1476,2042.75
1477,2454
1478,2859.75
1479,2965
1480,2995.25
1481,2931.75
1482,2775
1483,2672.5
1484,2193
1485,1751.5
1486,1624.25
1487,1722
1488,2059.75
1489,2270
1490,3033
1491,3031
1492,3069.25
1493,2837.75
1494,2783.25
1495,2556.5
1496,2064.75
1497,1783.75
1498,1695.25
1499,1830
1500,2114
1501,2493.25
1502,2801.5
1503,2904.25
1504,2807.75
1505,2780.5
1506,2693
1507,2505
1508,1738.25
1509,1619.25
1510,1687
1511,1972.75
1512,2329.25
1513,2616.25
1514,2896
1515,2888
1516,2813
1517,2836
1518,2671.75
1519,2329
1520,1841
1521,1661
1522,1693.5
1523,1899.75
1524,2454.5
1525,2687
1526,2741.75
1527,2806.5
1528,2831.25
1529,2829.75
1530,2671.75
1531,1927
1532,1824.75
1533,1669.25
1534,1812
1535,2228.25
1536,2539.75
1537,2841.5
1538,2869
1539,2831.5
1540,2742.75
1541,2636.5
1542,2450.5
1543,1863.25
1544,1836.75
1545,1802.25
1546,2121
1547,2468.75
1548,2586.25
1549,2813
1550,2983
1551,2908.5
1552,2733.25
1553,2679.75
1554,2030.25
1555,1849
1556,1671.75
1557,1865.25
1558,2077.25
1559,2469
1560,2718.25
1561,2801.25
1562,2938.25
1563,2860
1564,2676
1565,2615
1566,1960.25
1567,1674.25
1568,1568.5
1569,1824.25
1570,2310.5
1571,2661.5
1572,2858.5
1573,3128
1574,2998
1575,2741.25
1576,2655.25
1577,2466.75
1578,1841.5
1579,1647.5
1580,1652.5
1581,1951
1582,2389.5
1583,2622.75
1584,2820.25
1585,2994.25
1586,2789.5
1587,2786.5
1588,2668
1589,2194.25
1590,1957.5
1591,1774
1592,1897.5
1593,2254.25
1594,2542.75
1595,2769.75
1596,2880
1597,2946.75
1598,2799
1599,2717.25
1600,2575
1601,1854.25
1602,1677.5
1603,1634.75
1604,1800.75
1605,2155.5
1606,2556.25
1607,2773.5
1608,2930.25
1609,2881.25
1610,2864.25
1611,2670.75
1612,2325.5
1613,1819
1614,1700.25
1615,1659
1616,1931.25
1617,2352.75
1618,2769.75
1619,3025.5
1620,3125.75
1621,2856
1622,2726
1623,2640.5
1624,2145.5
1625,1800
1626,1679.5
1627,1688
1628,2166
1629,2470.25
1630,2815.75
1631,2824.5
1632,2933.25
1633,2838.75
1634,2844.75
1635,2674.5
1636,2057.25
1637,1801.75
1638,1641.5
1639,1858.75
1640,2228.5
1641,2714.5
1642,2892.25
1643,3268.5
1644,2955.25
1645,2878.75
1646,2650.25
1647,2375
1648,1781
1649,1711.25
1650,1837.75
1651,2109.5
1652,2627
1653,3050.5
1654,3174.75
1655,3178.75
1656,2862.75
1657,2689.25
1658,2653.5
1659,1984.25
1660,1766.75
1661,1695.5
1662,1827.25
1663,2051.5
1664,2482.5
1665,2744.5
1666,3074.25
1667,3016
1668,2770.75
1669,2802.25
1670,2569.75
1671,1864.75
1672,1672
1673,1612.75
1674,1786
1675,2337.5
1676,2740.75
1677,3084
1678,3134.5
1679,2900.25
1680,2837.75
1681,2759
1682,2530
1683,1957.25
1684,1790.5
1685,1801.5
1686,2060.25
1687,2482.75
1688,2699.75
1689,2943.25
1690,3020.25
1691,2822.5
1692,2731.5
1693,2619.25
1694,2147
1695,1718.75
1696,1666
1697,1753.25
1698,2073.25
1699,2514.75
1700,2948.25
1701,3008.25
1702,3029.25
1703,2822
1704,2776.5
1705,2552
1706,2183
1707,1904.25
1708,1797
1709,1905.25
1710,2284.5
1711,2588.5
1712,2731.75
1713,2920.75
1714,2945
1715,2812.5
1716,2731
1717,2518.75
1718,1872
1719,1737.5
1720,1704
1721,1956.5
1722,2399.25
1723,2577.25
1724,2805.75
1725,2820
1726,2849.25
1727,2825.25
1728,2709
1729,2303.25
1730,1830
1731,1722.75
1732,1822.5
1733,2328.25
1734,2794.25
1735,3051.5
1736,3280.75
1737,3085
1738,2822
1739,2690.25
1740,2561.5
1741,2081.75
1742,1814.25
1743,1744.75
1744,1858.5
1745,2310.5
1746,2609.75
1747,2719
1748,2821.25
1749,2882.75
1750,2780
1751,2770.25
1752,2572
1753,2001.25
1754,1705.5
1755,1638.75
1756,1929.75
1757,2434
1758,2650.25
1759,2794.25
1760,2902.75
1761,2823.5
1762,2771
1763,2697.5
1764,2369.5
1765,1881.5
1766,1707.25
1767,1676.25
1768,1954
1769,2360
1770,2691
1771,2785.25
1772,2937.75
1773,2806.25
1774,2749.75
1775,2576.25
1776,2123.25
1777,1692.5
1778,1631
1779,1722.5
1780,2081.25
1781,2695.25
1782,2924.5
1783,2906.75
1784,2910.25
1785,2699.5
1786,2682
1787,2562.25
1788,2062.25
1789,1770.25
1790,1783.5
1791,1972.75
1792,2363.75
1793,2665.5
1794,2825.5
1795,2958.75
1796,2888
1797,2818
1798,2698.5
1799,2466
1800,1846
1801,1797
1802,1774.5
1803,1975.5
1804,2321.5
1805,2688.5
1806,2865
1807,3064.75
1808,2989
1809,2818.5
1810,2625.75
1811,1976.75
1812,1771.75
1813,1675.75
1814,1754.5
1815,2146.5
1816,2572.5
1817,2787.5
1818,2936.25
1819,2890
1820,2735
1821,2668.5
1822,2555.75
1823,1944.75
1824,1792
1825,1756
1826,1921.25
1827,2380.75
1828,2585.25
1829,2822.75
1830,2868
1831,2948.75
1832,2864.25
1833,2688.75
1834,2400.5
1835,1763.75
1836,1679.5
1837,1623.25
1838,1935
1839,2320.5
1840,2584.75
1841,2847
1842,3042.25
1843,2781.25
1844,2682.5
1845,2582.75
1846,2100.25
1847,1772
1848,1739
1849,1783
1850,2267.5
1851,2710.25
1852,3094
1853,3015.25
1854,2947
1855,2774.25
1856,2708.5
1857,2484.25
1858,1859.75
1859,1728.75
1860,1656.75
1861,1922.5
1862,2312.75
1863,2727.75
1864,2948.75
1865,2877.5
1866,2921.5
1867,2787.5
1868,2774.25
1869,2475.5
1870,1877
1871,1756.25
1872,1673.25
1873,1898.5
1874,2371
1875,2649.25
1876,2845.25
1877,2858.75
1878,2858.75
1879,2827.5
1880,2660
1881,2228.25
1882,1923.5
1883,1766
1884,1791.25
1885,2191.75
1886,2527.75
1887,2698.5
1888,2833.5
1889,2929.5
1890,2884.5
1891,2776
1892,2708.75
1893,1907.25
1894,1656.75
1895,1628.75
1896,1801.25
1897,2181
1898,2598.75
1899,2948.25
1900,3227.25
1901,2873.75
1902,2740
1903,2628.5
1904,2473
1905,1858.25
1906,1798
1907,1673
1908,1971.25
1909,2372
1910,2788.25
1911,2921
1912,2932
1913,2784.75
1914,2702.75
1915,2609.75
1916,2291.5
1917,1792.25
1918,1766.5
1919,1707.75
1920,1954.25
1921,2469
1922,2660.75
1923,2850.5
1924,3023.5
1925,2857.25
1926,2765.75
1927,2567
1928,1976.25
1929,1635
1930,1639
1931,1760
1932,2167.25
1933,2625.75
1934,2870.25
1935,2957.25
1936,2856.75
1937,2746.5
1938,2584
1939,2562.5
1940,1865.5
1941,1685
1942,1641
1943,1872.25
1944,2317.75
1945,2613.25
1946,3065
1947,3122.75
1948,2894.75
1949,2718.25
1950,2700.75
1951,2373.75
1952,1756.25
1953,1714
1954,1739.25
1955,2026.25
1956,2377.75
1957,2645
1958,2797.75
1959,2885.5
1960,2901
1961,2815.75
1962,2582.25
1963,2005.25
1964,1747.5
1965,1639.75
1966,1679
1967,2078.75
1968,2529
1969,2889.5
1970,3101
1971,3018.5
1972,2777.25
1973,2556.75
1974,2539.75
1975,1703.25
1976,1690
1977,1750.5
1978,1842.5
1979,2339.5
1980,2645.25
1981,2935.25
1982,2972.25
1983,2815.5
1984,2723
1985,2588.75
1986,2460.5
1987,1835.25
1988,1737
1989,1718.5
1990,1954.25
1991,2342.75
1992,2706.25
1993,3061.25
1994,3139.25
1995,2803.5
1996,2618.25
1997,2634.5
1998,2244
1999,1856
2000,1739.25
2001,1760.25
2002,2273.5
2003,2517.5
2004,2655.5
2005,2762.25
2006,2862.25
2007,2807
2008,2803
2009,2632.25
2010,2066.25
2011,1745
2012,1682
2013,1817.25
2014,2161.75
2015,2498.75
2016,2701.75
2017,2945.25
2018,2988.5
2019,2726.75
2020,2701.5
2021,2494
2022,1869.75
2023,1665.5
2024,1620
2025,1888.5
2026,2263.75
2027,2712.5
2028,2888
2029,3370.25
2030,3067
2031,2821.5
2032,2658.25
2033,2273
2034,1804
2035,1684
2036,1632.75
2037,1999
2038,2461
2039,2768.5
2040,2888.5
2041,2839.5
2042,2793.25
2043,2711.5
2044,2779
2045,2043.5
2046,1771.75
2047,1635.25
2048,1732.75
2049,2157.5
2050,2491.25
2051,2692.5
2052,2838.25
2053,2833.75
2054,2852.25
2055,2963.25
2056,2762.5
2057,2030
2058,1756.25
2059,1632.5
2060,1801.5
2061,2200.75
2062,2571.75
2063,2871.75
2064,2990.75
2065,2908
2066,2871.25
2067,2656
2068,2385.75
2069,1739.75
2070,1663.25
2071,1761.5
2072,2128.75
2073,2509.25
2074,2612.25
2075,2889.25
2076,2933.25
2077,2790
2078,2757.75
2079,2627.25
2080,2168.75
2081,1872.75
2082,1731.25
2083,1770.25
2084,2222
2085,2493.25
2086,2807
2087,2895.5
2088,2934
2089,2770.75
2090,2674.5
2091,2494
2092,2047.5
2093,1808.75
2094,1663.25
2095,1935.75
2096,2510.25
2097,2568.75
2098,2772.5
2099,2868.75
2100,2893.25
2101,2797.75
2102,2743.25
2103,2588.25
2104,1887
2105,1749.5
2106,1704.75
2107,1982.25
2108,2309.5
2109,2670
2110,2883.5
2111,2862.75
2112,2807.25
2113,2828.5
2114,2688.25
2115,2323
2116,1944.5
2117,1636.25
2118,1688.5
2119,1991.75
2120,2437.25
2121,2841.5
2122,2924
2123,2964
2124,2788.5
2125,2624
2126,2556.5
2127,1991
2128,1719.75
2129,1628
2130,1760
2131,2143.25
2132,2569.5
2133,2769.75
2134,2949.5
2135,2983.75
2136,2778
2137,2701.5
2138,2529
2139,1850
2140,1732.75
2141,1666.25
2142,1862.75
2143,2290.25
2144,2687.25
2145,2847
2146,2855.75
2147,2909
2148,2771.25
2149,2770.25
2150,2347.25
2151,1821.5
2152,1697.25
2153,1772.75
2154,1991
2155,2418.75
2156,2788
2157,2866
2158,2992
2159,2794
2160,2714
2161,2743.75
2162,2258
2163,1776
2164,1726.25
2165,1794.25
2166,2148.25
2167,2532
2168,2720.25
2169,2945.5
2170,2991.75
2171,2783
2172,2650.25
2173,2554.5
2174,1868.25
2175,1790.5
2176,1712
2177,1762.5
2178,2234
2179,2604.25
2180,2804.75
2181,2958.25
2182,2791.25
2183,2768.25
2184,2694.25
2185,2404.5
2186,1882.25
2187,1721.5
2188,1738.75
2189,2025.5
2190,2460.75
2191,2623.75
2192,2885.5
2193,2947.75
2194,2884
2195,2712.75
2196,2562.5
2197,1921.5
2198,1679.5
2199,1643.25
2200,1737.25
2201,2183.5
2202,2645
2203,2814.5
2204,2939.25
2205,2883
2206,2777
2207,2713.75
2208,2508.75
2209,1894
2210,1773
2211,1701.25
2212,1893.25
2213,2354.5
2214,2655.5
2215,2818
2216,2940
2217,2826.5
2218,2689.75
2219,2548.25
2220,2332.5
2221,1757.5
2222,1657.5
2223,1634.5
2224,2191.75
2225,2620.5
2226,2943.25
2227,2860.25
2228,2915.5
2229,2803
2230,2700.25
2231,2668
2232,2252.5
2233,1782.25
2234,1727.25
2235,1777
2236,2171
2237,2465.75
2238,2651.5
2239,2874.25
2240,2915.5
2241,2775.25
2242,2690
2243,2514
2244,1950
2245,1726
2246,1663.5
2247,1799.5
2248,2227.25
2249,2538.75
2250,2833.75
2251,3052.25
2252,2948
2253,2715.25
2254,2625.5
2255,2275.75
2256,1746
2257,1703.5
2258,1735
2259,2003
2260,2436.5
2261,3024
2262,3145
2263,3050.5
2264,2764.5
2265,2723
2266,2542.75
2267,2006
2268,1785.75
2269,1633
2270,1867
2271,2221.5
2272,2647.25
2273,2823.25
2274,2883.75
2275,2938.25
2276,2709.75
2277,2648.75
2278,2550.25
2279,2028.5
2280,1766
2281,1680
2282,1832
2283,2181.75
2284,2562
2285,2735.75
2286,2943.5
2287,2956.25
2288,2746.75
2289,2669.75
2290,2415.25
2291,1847.75
2292,1725.75
2293,1642.5
2294,1989.25
2295,2342.5
2296,2658.5
2297,2724.25
2298,2839.75
2299,2755
2300,2708
2301,2740.5
2302,2179.25
2303,1843.5
2304,1646
2305,1667.5
2306,2088.75
2307,2545
2308,2859.75
2309,3132.25
2310,3031.5
2311,2792.25
2312,2723
2313,2561.25
2314,1939.75
2315,1769.75
2316,1670
2317,1795.25
2318,2234
2319,2753.75
2320,3026
2321,3136.25
2322,2922.25
2323,2801.5
2324,2647.25
2325,2537.75
2326,1855
2327,1684.75
2328,1767.75
2329,1992.25
2330,2320.75
2331,2666.5
2332,2826.25
2333,2937
2334,2776.75
2335,2698.25
2336,2722
2337,2460
2338,1859.75
2339,1762.5
2340,1765
2341,2051.25
2342,2323
2343,2582.75
2344,2854.25
2345,2888
2346,2857.75
2347,2799.5
2348,2576.75
2349,2057
2350,1710.5
2351,1685.75
2352,1715.25
2353,2127.75
2354,2526.25
2355,2647
2356,2822.5
2357,2832
2358,2817.75
2359,2722.75
2360,2580.75
2361,1996.75
2362,1768.5
2363,1681.75
2364,1881.75
2365,2260.75
2366,2568
2367,2841.75
2368,2903.75
2369,2814.25
2370,2781.75
2371,2689.75
2372,2522.25
2373,1880.75
2374,1696.25
2375,1730
2376,1906.25
2377,2327.25
2378,2538.5
2379,2756.5
2380,2890
2381,2876
2382,2726.25
2383,2655.75
2384,2324.5
2385,1740.25
2386,1645.75
2387,1672
2388,1912.5
2389,2426.25
2390,2748
2391,3077.5
2392,3092
2393,2893
2394,2642.25
2395,2513.5
2396,2094.25
2397,1719.25
2398,1640.75
2399,1683.25
2400,2075.25
2401,2438.25
2402,2792.75
2403,2876
2404,2907
2405,2705.5
2406,2609
2407,2569.75
2408,2081.5
2409,1774.5
2410,1645.5
2411,1780
2412,2299.5
2413,2529.5
2414,2739.5
2415,2870.75
2416,2821.75
2417,2717.25
2418,2588
2419,2571.5
2420,2035
2421,1795.75
2422,1707.25
2423,1886
2424,2301
2425,2589.5
2426,2779.75
2427,2888.25
2428,2778
2429,2719.75
2430,2648.25
2431,2374.5
2432,1753.25
2433,1699
2434,1650.25
2435,2053
2436,2458.25
2437,2598.75
2438,2810.5
2439,2877.75
2440,2848.25
2441,2778.75
2442,2652.25
2443,2155.5
2444,1703.75
2445,1673.5
2446,1675
2447,1990.5
2448,2347.5
2449,2639
2450,2832.5
2451,2951.5
2452,2861
2453,2686.5
2454,2495.75
2455,2004.75
2456,1660.25
2457,1561.25
2458,1765.25
2459,2157.5
2460,2666.5
2461,2946.5
2462,3119
2463,2792.75
2464,2710
2465,2691.75
2466,2437
2467,1843.5
2468,1666
2469,1656.5
2470,1837.5
2471,2402.5
2472,2770.75
2473,2875
2474,2957
2475,2792.5
2476,2792.25
2477,2603
2478,2435.5
2479,1755.5
2480,1705.75
2481,1702.25
2482,2034.5
2483,2546
2484,2776.5
2485,2852
2486,2885.75
2487,2820
2488,2629.5
2489,2593.75
2490,2039.25
2491,1843.5
2492,1711.5
2493,1792.25
2494,2162.25
2495,2525.25
2496,2793.75
2497,2861.75
2498,2859.5
2499,2777.25
2500,2716.75
2501,2536
2502,1898.25
2503,1780.5
2504,1638.25
2505,1754.5
2506,2232.25
2507,2622.5
2508,2762.25
2509,2857.75
2510,2833.25
2511,2771.25
2512,2631.25
2513,2549.5
2514,1861.25
2515,1785.25
2516,1657
2517,1939.25
2518,2400.75
2519,2658.25
2520,2802.75
2521,2884.25
2522,2748.75
2523,2791
2524,2688.25
2525,2439.25
2526,1808.25
2527,1706
2528,1702
2529,2003
2530,2457
2531,2641
2532,2823.25
2533,2908
2534,2812.25
2535,2773.75
2536,2644.5
2537,2061.25
2538,1779.75
2539,1692
2540,1754
2541,2194
2542,2541.75
2543,2657.5
2544,2851.75
2545,2899.75
2546,2779.5
2547,2622.5
2548,2547.5
2549,1936.25
2550,1794
2551,1702.75
2552,1798.75
2553,2217.5
2554,2520.75
2555,2713.75
2556,2966.5
2557,2934
2558,2822.25
2559,2699.25
2560,2509.75
2561,1862
2562,1757.75
2563,1652.5
2564,1912.5
2565,2229.25
2566,2615
2567,2793
2568,3038.25
2569,2857.5
2570,2660
2571,2636.25
2572,2424.25
2573,1772.5
2574,1771.5
2575,1734.5
2576,2030.5
2577,2391.5
2578,2651
2579,2845.75
2580,3000.5
2581,2707.25
2582,2684.75
2583,2603
2584,2055.75
2585,1763
2586,1680
2587,1712.25
2588,2050.5
2589,2471
2590,2899.5
2591,3249
2592,3100.75
2593,2696.75
2594,2605
2595,2489.5
2596,1950.5
2597,1721.75
2598,1630
2599,1840.25
2600,2215.75
2601,2730
2602,3041.75
2603,3051.75
2604,2851.75
2605,2694
2606,2656.5
2607,2444.75
2608,1894
2609,1730.75
2610,1741
2611,2002.5
2612,2417.75
2613,2664.75
2614,2819.75
2615,3000.5
2616,2799.75
2617,2749
2618,2620
2619,2360.25
2620,1768.5
2621,1765.5
2622,1727.75
2623,2008
2624,2443.5
2625,2680
2626,2944.75
2627,2954.25
2628,2799.25
2629,2747.75
2630,2588
2631,2094.5
2632,1695.25
2633,1649
2634,1679.25
2635,2073.5
2636,2422.75
2637,2642.5
2638,2842.25
2639,2886.75
2640,2803.25
2641,2643.25
2642,2582.75
2643,1993.25
2644,1690.75
2645,1633
2646,1796
2647,2141
2648,2477.5
2649,2711
2650,2969.5
2651,2919
2652,2783.25
2653,2625
2654,2451.75
2655,1891
2656,1595.75
2657,1593.25
2658,2002.75
2659,2352
2660,2773.5
2661,3021
2662,3030.5
2663,2744.5
2664,2750.25
2665,2611.5
2666,2292.25
2667,1760.5
2668,1735
2669,1699.25
2670,2192
2671,2576.5
2672,2879.5
2673,3232.25
2674,3015.25
2675,2800.5
2676,2644.5
2677,2490
2678,2067.25
2679,1736.75
2680,1739.25
2681,1661
2682,2113.75
2683,2613.5
2684,2938
2685,2928.25
2686,2860.25
2687,2745
2688,2683.75
2689,2470.25
2690,1895
2691,1697.25
2692,1683.5
2693,1984.5
2694,2331.75
2695,2695.5
2696,2908.75
2697,2948.75
2698,2860.25
2699,2703.5
2700,2783
2701,2457
2702,1889.5
2703,1726.75
2704,1624.75
2705,1949.5
2706,2408.25
2707,2717.5
2708,2840
2709,2888.25
2710,2907.25
2711,2781.75
2712,2679.5
2713,2310
2714,1753
2715,1757.75
2716,1755
2717,2044.75
2718,2428
2719,2688.75
2720,2855
2721,2908.5
2722,2793
2723,2822.75
2724,2664.75
2725,2123
2726,1759.5
2727,1687.75
2728,1772
2729,2136.5
2730,2527.5
2731,2681
2732,2827.25
2733,2907.75
2734,2800
2735,2697
2736,2611.75
2737,1964.5
2738,1812.75
2739,1668.5
2740,1803.25
2741,2200.75
2742,2437.5
2743,2707.5
2744,2942.5
2745,2987.25
2746,2746.25
2747,2642.75
2748,2393.25
2749,1843.5
2750,1837.75
2751,1656.25
2752,1899
2753,2223
2754,2505.5
2755,2944.75
2756,3120
2757,2938.5
2758,2719.25
2759,2628.75
2760,2336.5
2761,1843.25
2762,1686.75
2763,1705.5
2764,1883.25
2765,2333.75
2766,2795.5
2767,3125.25
2768,3074
2769,2898
2770,2736.5
2771,2637
2772,2084.5
2773,1807
2774,1704.75
2775,1732
2776,2130.25
2777,2610.75
2778,2896
2779,3113.75
2780,2885.5
2781,2782.25
2782,2647.75
2783,2570.5
2784,1940
2785,1710.25
2786,1633.75
2787,1812.75
2788,2262.5
2789,2700.75
2790,2954.5
2791,3030
2792,2910.5
2793,2702
2794,2704
2795,2478
2796,1847.25
2797,1723.25
2798,1679
2799,1841.25
2800,2276
2801,2550.75
2802,3025.25
2803,3100
2804,2876.5
2805,2662.25
2806,2636
2807,2311.5
2808,1860.5
2809,1797.75
2810,1705.5
2811,1876.5
2812,2338.5
2813,2581
2814,2963.75
2815,3127
2816,2839.75
2817,2673.5
2818,2635.75
2819,2031.75
2820,1783.25
2821,1733
2822,1736.25
2823,2215.25
2824,2523.75
2825,2757.75
2826,3042
2827,2984.75
2828,2772.75
2829,2586
2830,2418.5
2831,1859.25
2832,1690.5
2833,1676.75
2834,1901.5
2835,2455.25
2836,2785
2837,2944.25
2838,3008.5
2839,2763
2840,2685.25
2841,2583.5
2842,2327.75
2843,1765.25
2844,1656.75
2845,1724.25
2846,2158.25
2847,2588.25
2848,2789.25
2849,2928.25
2850,2933.5
2851,2743
2852,2729.5
2853,2529.75
2854,2092.5
2855,1761.25
2856,1627.5
2857,1752.25
2858,2274.75
2859,2588
2860,2739
2861,2866
2862,2895.5
2863,2798
2864,2648
2865,2587.25
2866,1937.25
2867,1750.75
2868,1653
2869,1799
2870,2285.25
2871,2628.75
2872,2770
2873,2903.75
2874,2865.25
2875,2888
2876,2628.5
2877,2468.75
2878,1880.25
2879,1761.75
2880,1687.25
2881,1871
2882,2401.75
2883,2554
2884,2834
2885,2927
2886,2827
2887,2734.25
2888,2674.5
2889,2364
2890,1878.25
2891,1840
2892,1719.75
2893,1960.5
2894,2368.5
2895,2718
2896,2850.5
2897,3015.5
2898,2791.5
2899,2781.25
2900,2648
2901,2222.75
2902,1820.25
2903,1702
2904,1722.25
2905,2120
2906,2446.25
2907,2643.5
2908,2759.25
2909,2902.75
2910,2826
2911,2681.25
2912,2625.5
2913,2130
2914,1833.75
2915,1655.5
2916,1804.75
2917,2150.25
2918,2547.25
2919,2712.75
2920,2950.25
2921,3004.5
2922,2752
2923,2649.75
2924,2555.75
2925,1970
2926,1662
2927,1647.5
2928,1841
2929,2276.5
2930,2740.5
2931,3005.75
2932,3167.75
2933,2806.25
2934,2739.25
2935,2708.25
2936,2460.75
2937,1817.5
2938,1686.5
2939,1743.75
2940,1906.25
2941,2384.25
2942,2791.75
2943,2960.75
2944,3007.75
2945,2817.25
2946,2676.75
2947,2582.5
2948,2324.75
2949,1738.5
2950,1712.75
2951,1693.75
2952,2057.75
2953,2413
2954,2710.25
2955,2812.75
2956,2902.75
2957,2860.75
2958,2693.25
2959,2597.25
2960,2198.25
2961,1736.25
2962,1669.75
2963,1800.75
2964,2240.5
2965,2666.75
2966,2797.75
2967,2962
2968,2927
2969,2764.5
2970,2629.75
2971,2580.75
2972,2068.5
2973,1761.5
2974,1677.75
2975,1839.75
2976,2290.5
2977,2596.75
2978,2744.5
2979,2971
2980,2907.25
2981,2800.25
2982,2657.75
2983,2576
2984,1944.25
2985,1774
2986,1670.5
2987,1932.25
2988,2376
2989,2655
2990,2770.5
2991,2906.75
2992,2862.75
2993,2768.5
2994,2630.25
2995,2410.5
2996,1803.25
2997,1774.5
2998,1684.75
2999,1930.5
3000,2338.5
3001,2600.75
3002,2802.5
3003,3018.5
3004,2872
3005,2778
3006,2655.75
3007,2242.25
3008,1790.5
3009,1710.25
3010,1743.5
3011,2101.75
3012,2482.25
3013,2675
3014,2949.25
3015,2984.5
3016,2843.75
3017,2711.5
3018,2602.75
3019,1987.25
3020,1738.5
3021,1641.25
3022,1753.75
3023,1969.5
3024,2439.5
3025,2790.25
3026,3021
3027,3067.75
3028,2812.75
3029,2665.75
3030,2481
3031,1968
3032,1893
3033,1641.25
3034,1798.5
3035,2270.5
3036,2608.75
3037,2913.25
3038,3054
3039,3026.5
3040,2767
3041,2641.5
3042,2422.75
3043,1961
3044,1746
3045,1644
3046,1836
3047,2325
3048,2603.5
3049,2828.75
3050,2951.25
3051,2924
3052,2785.75
3053,2715.25
3054,2385
3055,1901
3056,1718
3057,1673.25
3058,1911.5
3059,2407.25
3060,2809
3061,3018.75
3062,3047.25
3063,2841.25
3064,2695.5
3065,2660.25
3066,2276.5
3067,1796.25
3068,1630.25
3069,1685.5
3070,2135.5
3071,2560
3072,3004.25
3073,3063.25
3074,3015.25
3075,2815
3076,2662.5
3077,2521.75
3078,2150
3079,1780.5
3080,1619
3081,1673.25
3082,2053.75
3083,2563.25
3084,3023
3085,3180.75
3086,2984
3087,2755.5
3088,2731.5
3089,2539.25
3090,1827.5
3091,1780.25
3092,1714.25
3093,1857.5
3094,2326.5
3095,2681.75
3096,2944.5
3097,2921.5
3098,2853.75
3099,2792.75
3100,2628.25
3101,2383
3102,1733.25
3103,1742.25
3104,1659
3105,2042.5
3106,2491
3107,2871.25
3108,2928.25
3109,2990.25
3110,2838.25
3111,2756.25
3112,2684.75
3113,2378
3114,1732.75
3115,1733.5
3116,1764.75
3117,2143.25
3118,2455.75
3119,2779.5
3120,2819.5
3121,2936.25
3122,2801.5
3123,2764.75
3124,2644.75
3125,2153
3126,1818.5
3127,1686.5
3128,1877.5
3129,2080.75
3130,2567.25
3131,2697.5
3132,2896.5
3133,2918.5
3134,2754.5
3135,2742.25
3136,2589.25
3137,1990.5
3138,1670
3139,1743
3140,1917
3141,2420.75
3142,2803
3143,2857.25
3144,2934.5
3145,2854.25
3146,2745
3147,2714.5
3148,2558.25
3149,1793.75
3150,1753.25
3151,1867.5
3152,1937.25
3153,2324.5
3154,2658.5
3155,2883
3156,2960
3157,2848
3158,2698
3159,2692.25
3160,2293.25
3161,1835.5
3162,1693.25
3163,1775.5
3164,2176.5
3165,2495
3166,2775.25
3167,3015.5
3168,2854.25
3169,2817.75
3170,2718
3171,2652.5
3172,2118.5
3173,1833.5
3174,1639.5
3175,1756.75
3176,2064.75
3177,2521.75
3178,2709.25
3179,2765
3180,2831.5
3181,2736.5
3182,2803.75
3183,2525.75
3184,1981.25
3185,1747
3186,1744.75
3187,1806.5
3188,2296.25
3189,2496.5
3190,2711.25
3191,2829.5
3192,2876.25
3193,2735.75
3194,2623.5
3195,2473.25
3196,1746.75
3197,1683.75
3198,1727.25
3199,1886.5
3200,2319.5
3201,2592
3202,2839.25
3203,2896.75
3204,2785.75
3205,2689.75
3206,2611
3207,2335.75
3208,1769.75
3209,1724.5
3210,1628.25
3211,1968
3212,2394.25
3213,2636
3214,2953.25
3215,2989.75
3216,2830.5
3217,2748.75
3218,2614.25
3219,2110
3220,1720.25
3221,1641
3222,1768.5
3223,2151.25
3224,2601.5
3225,3002.5
3226,2963.5
3227,2960.5
3228,2823.5
3229,2662.25
3230,2513.75
3231,1958.75
3232,1761
3233,1569
3234,1766.5
3235,2178.75
3236,2568.75
3237,2879.5
3238,2894.75
3239,2798.5
3240,2744.5
3241,2639.5
3242,2504
3243,1728.5
3244,1755.75
3245,1637.5
3246,1808.5
3247,2306.75
3248,2665.75
3249,2852.5
3250,2898.5
3251,2858.25
3252,2833
3253,2612.75
3254,2596.75
3255,1811.75
3256,1741.5
3257,1756.25
3258,1900.75
3259,2339.5
3260,2650.5
3261,2795.25
3262,2813
3263,2838
3264,2688.25
3265,2697.25
3266,2436
3267,1760.25
3268,1669
3269,1687.75
3270,1945.75
3271,2445.75
3272,2592
3273,2748.25
3274,2847.5
3275,2844.75
3276,2779
3277,2606
3278,2138.5
3279,1658.75
3280,1756
3281,1672.25
3282,1965.75
3283,2477.5
3284,2668.75
3285,2822.5
3286,2979
3287,2800.5
3288,2653.25
3289,2537
3290,1976.75
3291,1750.5
3292,1630.25
3293,1772.5
3294,2043.5
3295,2528
3296,2882.25
3297,3025.75
3298,2920.25
3299,2708
3300,2584.75
3301,2460.75
3302,1747.75
3303,1773.25
3304,1647.25
3305,1856
3306,2459.75
3307,3013
3308,3163.75
3309,3046.5
3310,2822.75
3311,2740.75
3312,2577
3313,2260
3314,1747.25
3315,1714.5
3316,1697.5
3317,1969
3318,2549.5
3319,2873.75
3320,3108.75
3321,2933.5
3322,2845.75
3323,2737.25
3324,2589.5
3325,2190.5
3326,1722.75
3327,1675.25
3328,1708.25
3329,2071.75
3330,2529.5
3331,2908.75
3332,3170.5
3333,2901.75
3334,2831.25
3335,2676
3336,2577.5
3337,2007.25
3338,1806
3339,1556.25
3340,1708.5
3341,2095.75
3342,2597
3343,2952
3344,2959.5
3345,2907.25
3346,2764.25
3347,2622
3348,2528
3349,1960
3350,1652.75
3351,1639.5
3352,1881
3353,2321.75
3354,2617.5
3355,2892
3356,2899
3357,2880.75
3358,2782.75
3359,2680.5
3360,2460.75
3361,1789.5
3362,1696.25
3363,1626.5
3364,1949
3365,2322.5
3366,2651
3367,2888
3368,2906
3369,2830.5
3370,2756.25
3371,2636.5
3372,2349
3373,1800.5
3374,1705
3375,1744.5
3376,1892.25
3377,2440.75
3378,2666
3379,2754
3380,2925.75
3381,2730
3382,2807.25
3383,2700.75
3384,2113.5
3385,1812
3386,1625.25
3387,1815.5
3388,1998.75
3389,2387.5
3390,2686.75
3391,2840
3392,2990.5
3393,2827
3394,2745.25
3395,2650
3396,1909.25
3397,1755
3398,1633
3399,1809.5
3400,2141.5
3401,2492.25
3402,2709
3403,2931.75
3404,2900.5
3405,2771
3406,2600.25
3407,2392.5
3408,1867.25
3409,1688.5
3410,1585.25
3411,1830
3412,2299.75
3413,2580.75
3414,2872.75
3415,3026.75
3416,2799.25
3417,2756
3418,2612.75
3419,2283.75
3420,1867
3421,1687.25
3422,1662.75
3423,1961
3424,2219.5
3425,2657.5
3426,2909.5
3427,2939.25
3428,2805
3429,2787
3430,2550.5
3431,2250
3432,1801
3433,1644.75
3434,1659.25
3435,2193.75
3436,2433.5
3437,2835.75
3438,2975.25
3439,2878.25
3440,2754
3441,2699.75
3442,2591.75
3443,1929.5
3444,1713.25
3445,1669
3446,1778.5
3447,2280.5
3448,2631.75
3449,3020.75
3450,3108.75
3451,2939.25
3452,2712.5
3453,2664.5
3454,2459.25
3455,2038.25
3456,1701.5
3457,1649.5
3458,1823.25
3459,2235
3460,2725.25
3461,3023.25
3462,3085.25
3463,2868.25
3464,2718
3465,2675.75
3466,2389
3467,1882.5
3468,1715.75
3469,1714
3470,1999.25
3471,2478
3472,2730.25
3473,2887.75
3474,2985.5
3475,2837.75
3476,2674
3477,2638.5
3478,2176
3479,1782.5
3480,1676.5
3481,1778
3482,2034.75
3483,2522.25
3484,2772.75
3485,2968.5
3486,2903.75
3487,2788.75
3488,2789.25
3489,2622.25
3490,2097.5
3491,1797
3492,1690.5
3493,1775.75
3494,2069.5
3495,2557.75
3496,2731
3497,2941.75
3498,2878
3499,2729.5
3500,2692.5
3501,2529.5
3502,1890
3503,1734.75
3504,1680.75
3505,1883.75
3506,2202
3507,2577.25
3508,2717
3509,3022.5
3510,2944.75
3511,2720.25
3512,2652
3513,2358.5
3514,1773.25
3515,1676.75
3516,1610.5
3517,1853
3518,2312.5
3519,2698
3520,2993.5
3521,2960.25
3522,2771.5
3523,2787
3524,2720
3525,2327.5
3526,1888.25
3527,1741.25
3528,1596.25
3529,1887.25
3530,2263.25
3531,2603
3532,3018
3533,3003
3534,2797.5
3535,2654
3536,2574.75
3537,2187.5
3538,1800
3539,1692.25
3540,1655
3541,1972.75
3542,2472
3543,2817.5
3544,3141.75
3545,3123.75
3546,2790.25
3547,2716.75
3548,2499
3549,1924.75
3550,1741
3551,1579.75
3552,1791.75
3553,2215.5
3554,2476.75
3555,2787.75
3556,3103.5
3557,2885
3558,2741.25
3559,2626.25
3560,2453.5
3561,1912.5
3562,1723
3563,1699.5
3564,1833.75
3565,2250.5
3566,2544.5
3567,2695.75
3568,2943.5
3569,2931.75
3570,2742.5
3571,2620.25
3572,2369.75
3573,1758
3574,1631.75
3575,1767.5
3576,1960.5
3577,2442.75
3578,2780.5
3579,2898
3580,2894.25
3581,2808.75
3582,2679.75
3583,2661.25
3584,2224.5
3585,1677.75
3586,1682.5
3587,1755.5
3588,2092.5
3589,2577.75
3590,2864.75
3591,2893.25
3592,2889.75
3593,2833.75
3594,2728.75
3595,2651.25
3596,1989
3597,1741.5
3598,1748.25
3599,1798.5
3600,2286.75
3601,2679.5
3602,2831
3603,2965.5
3604,2902
3605,2783.25
3606,2651.75
3607,2470
3608,1853.5
3609,1567.5
3610,1589.25
3611,1812.25
3612,2403
3613,2660.75
3614,2854.25
3615,2905.75
3616,2847.5
3617,2700.5
3618,2600.75
3619,2370.75
3620,1841.25
3621,1781.5
3622,1715.25
3623,2008.75
3624,2393.75
3625,2707
3626,2863.5
3627,2959.25
3628,2842.25
3629,2686
3630,2678.5
3631,2401.5
3632,1756.25
3633,1652.25
3634,1693
3635,1967.75
3636,2438
3637,2693.75
3638,2874.75
3639,2873
3640,2859.75
3641,2689.75
3642,2651
3643,2177
3644,1802.75
3645,1703.5
3646,1727.25
3647,2030.5
3648,2484.25
3649,2710.75
3650,2791.25
3651,2864.5
3652,2791.75
3653,2787.25
3654,2633
3655,2047
3656,1701
3657,1625.5
3658,1699.75
3659,2027.5
3660,2404.25
3661,2636.5
3662,2900.75
3663,2879.25
3664,2804.75
3665,2642
3666,2609.25
3667,1876.25
3668,1700.75
3669,1630
3670,1814.5
3671,2157.25
3672,2553
3673,2746.75
3674,3005
3675,2956
3676,2651.75
3677,2583.5
3678,2488.75
3679,1807
3680,1721.75
3681,1697
3682,1808.5
3683,2384
3684,2569.75
3685,2904.75
3686,2973.25
3687,2773.5
3688,2731.75
3689,2541.5
3690,2305.5
3691,1733
3692,1715
3693,1728.25
3694,1946.75
3695,2271.25
3696,2624.5
3697,2760.5
3698,2879
3699,2789
3700,2680.25
3701,2553
3702,2106.25
3703,1807
3704,1608.5
3705,1696.75
3706,2062
3707,2446.25
3708,2796.75
3709,2919.75
3710,2980.25
3711,2817
3712,2618.25
3713,2531.25
3714,1847.75
3715,1715.5
3716,1676
3717,1812.25
3718,2185.25
3719,2640.75
3720,2951.75
3721,2941.5
3722,2767
3723,2704.5
3724,2750.75
3725,2420.5
3726,1834.5
3727,1700.25
3728,1707.25
3729,1928.5
3730,2419.5
3731,2656.25
3732,2899.75
3733,2868.25
3734,2831.75
3735,2732
3736,2562
3737,2282.25
3738,1712
3739,1693
3740,1780.25
3741,1987.5
3742,2398.25
3743,2696.75
3744,2860.5
3745,2893.75
3746,2854
3747,2719.25
3748,2647.75
3749,2198.75
3750,1758
3751,1710.5
3752,1725.25
3753,2041.25
3754,2466.5
3755,2644.25
3756,2829
3757,2848.75
3758,2825.75
3759,2634.75
3760,2626.25
3761,2180.75
3762,1679.75
3763,1669
3764,1801
3765,2195
3766,2542.25
3767,2782
3768,2959.5
3769,2916
3770,2743.25
3771,2714
3772,2574
3773,2042.5
3774,1686
3775,1607.75
3776,1752
3777,2205.75
3778,2575.75
3779,2706
3780,2922.75
3781,2844.75
3782,2774
3783,2652.5
3784,2625.25
3785,1940.5
3786,1690.75
3787,1629
3788,1789.5
3789,2303.5
3790,2554.75
3791,2767.25
3792,2903.5
3793,2753.25
3794,2807.5
3795,2674.5
3796,2583.75
3797,1824.25
3798,1706.75
3799,1644.25
3800,1904.5
3801,2364
3802,2635.75
3803,2854.5
3804,2871
3805,2842.75
3806,2666
3807,2592.25
3808,2426.5
3809,1732
3810,1659.5
3811,1610
3812,1820.25
3813,2305.25
3814,2575
3815,2793
3816,2846.25
3817,2852
3818,2741.5
3819,2736.5
3820,2424
3821,1804.5
3822,1798.5
3823,1745.75
3824,2139.5
3825,2314.5
3826,2701
3827,2841.5
3828,2857.5
3829,2815
3830,2680.75
3831,2514.75
3832,2112.25
3833,1764
3834,1686.5
3835,1851.75
3836,2042.5
3837,2517
3838,2773
3839,2869.25
3840,2905
3841,2861.25
3842,2709.5
3843,2622.25
3844,1996.25
3845,1688.75
3846,1662.75
3847,1802
3848,2164.5
3849,2447.5
3850,2768
3851,2885.5
3852,2930
3853,2762.75
3854,2637.75
3855,2513.75
3856,1879.75
3857,1657.25
3858,1657.5
3859,1917
3860,2173.5
3861,2597.5
3862,2679.25
3863,2892.75
3864,2852
3865,2704.75
3866,2664
3867,2477.25
3868,1866.5
3869,1687
3870,1666.75
3871,1813.75
3872,2147.75
3873,2519.5
3874,2706.75
3875,3021.25
3876,2948
3877,2702.5
3878,2663.5
3879,2409.75
3880,1894.75
3881,1704.5
3882,1691.25
3883,1863.75
3884,2238
3885,2552.25
3886,2814
3887,2929.5
3888,2866.75
3889,2689.75
3890,2649
3891,2386.5
3892,1781.5
3893,1588.25
3894,1651
3895,1943
3896,2208.5
3897,2559
3898,2831.25
3899,3007
3900,2767.5
3901,2651.25
3902,2569.5
3903,2247.25
3904,1773
3905,1661
3906,1692.25
3907,2088.5
3908,2474.75
3909,2742.75
3910,2861
3911,2924.25
3912,2720.75
3913,2611.25
3914,2656.5
3915,2121.75
3916,1772
3917,1692.75
3918,1712.75
3919,2150.75
3920,2505.25
3921,2711
3922,2812
3923,2899.25
3924,2712.5
3925,2639
3926,2583.5
3927,1959.25
3928,1760.5
3929,1646
3930,1794.5
3931,2168.5
3932,2538
3933,2788.25
3934,2883
3935,2789.75
3936,2725.75
3937,2707.75
3938,2486.75
3939,1927.75
3940,1677.75
3941,1657.75
3942,1863.75
3943,2305.5
3944,2486.5
3945,2741
3946,2878.75
3947,2831.25
3948,2698.75
3949,2639.25
3950,2311.75
3951,1770.5
3952,1647
3953,1633.5
3954,1876.5
3955,2360
3956,2558.25
3957,2747
3958,2831.25
3959,2851.5
3960,2796.75
3961,2592.25
3962,2342.5
3963,1757
3964,1707.75
3965,1760.25
3966,2002.25
3967,2285.75
3968,2576.75
3969,2776
3970,2919
3971,2753.5
3972,2653
3973,2564.75
3974,2063.25
3975,1726
3976,1679.5
3977,1728.25
3978,2221.75
3979,2559.75
3980,2875.5
3981,2945.75
3982,2963
3983,2783.75
3984,2655
3985,2486
3986,1952.75
3987,1769
3988,1637
3989,1891
3990,2279.75
3991,2518
3992,2810.5
3993,2916.75
3994,2855.25
3995,2667.25
3996,2620.5
3997,2528.25
3998,1893.75
3999,1690.75
4000,1721.75
4001,1890.75
4002,2219.5
4003,2571
4004,2798.75
4005,2800
4006,2926
4007,2716
4008,2754.75
4009,2544.75
4010,1916.25
4011,1773.25
4012,1637.75
4013,1861.5
4014,2247.5
4015,2555
4016,2792.75
4017,2767.5
4018,2773.25
4019,2798
4020,2733.5
4021,2421.75
4022,1831
4023,1767.25
4024,1695.25
4025,1975.5
4026,2373.75
4027,2575
4028,2753.25
4029,2902.25
4030,2809.5
4031,2719.75
4032,2558
4033,2160.75
4034,1742.75
4035,1648.5
4036,1721.75
4037,1923.75
4038,2289.5
4039,2660.25
4040,2848
4041,2889.5
4042,2731.5
4043,2627.25
4044,2599.75
4045,2026.75
4046,1715.25
4047,1628.75
4048,1769
4049,2123.5
4050,2482.25
4051,2877
4052,3015.25
4053,2825.75
4054,2805
4055,2608.5
4056,2467.75
4057,1980.75
4058,1758.25
4059,1691.75
4060,1849.5
4061,2251
4062,2644.5
4063,2837.5
4064,2919.75
4065,2785
4066,2771.25
4067,2669.5
4068,2495.5
4069,1882
4070,1695
4071,1681
4072,1870.5
4073,2303
4074,2585
4075,2821
4076,2983.5
4077,2866.75
4078,2783.25
4079,2749.5
4080,2554.75
4081,1817
4082,1705.5
4083,1666.25
4084,1896
4085,2275.75
4086,2678
4087,2821.75
4088,2876.25
4089,2820.5
4090,2830.75
4091,2648.25
4092,2410.75
4093,1796.5
4094,1677.25
4095,1669.25
4096,1943
4097,2431
4098,2708.25
4099,2889.25
4100,2855.5
4101,2784
4102,2751.75
4103,2566.25
4104,2189.25
4105,1925.25
4106,1708.25
4107,1866.25
4108,2082
4109,2494.25
4110,2751.25
4111,2921.25
4112,2864.75
4113,2836
4114,2740.5
4115,2564.5
4116,1932.75
4117,1698
4118,1658.5
4119,1738.5
4120,2256.25
4121,2537
4122,2751
4123,2880.5
4124,2835.75
4125,2728.25
4126,2685.5
4127,2581.25
4128,1976.25
4129,1671.5
4130,1660.75
4131,1924
4132,2317
4133,2559.25
4134,2819.25
4135,2842
4136,2894.75
4137,2765.25
4138,2660.5
4139,2475.25
4140,1855.75
4141,1764.75
4142,1672.5
4143,1843.25
4144,2319.5
4145,2602.5
4146,2886
4147,2907
4148,2893
4149,2719
4150,2631.75
4151,2374.25
4152,1816.25
4153,1741.5
4154,1649
4155,1852.25
4156,2308.75
4157,2614.5
4158,2836.75
4159,3105.5
4160,2759
4161,2637.5
4162,2565.75
4163,2136.5
4164,1886.25
4165,1792.5
4166,1768.25
4167,1924
4168,2368.75
4169,2676
4170,2783
4171,3067.5
4172,2889.25
4173,2776
4174,2664.75
4175,2083.25
4176,1714
4177,1698.5
4178,1715.25
4179,1945.75
4180,2387.5
4181,2612.75
4182,2847.5
4183,2945.5
4184,2709.5
4185,2648
4186,2556.25
4187,2032.25
4188,1795
4189,1712
4190,1843
4191,2197.75
4192,2524.75
4193,2754.5
4194,2880
4195,2894.75
4196,2773.75
4197,2621.25
4198,2467.75
4199,1940.25
4200,1750.25
4201,1697.5
4202,1913.25
4203,2164
4204,2504.75
4205,2718.5
4206,2871.5
4207,2820.5
4208,2723.5
4209,2653
4210,2416
4211,1864.75
4212,1689.75
4213,1674
4214,1923.5
4215,2332.75
4216,2550.25
4217,2710.25
4218,2882.25
4219,2915
4220,2823
4221,2686.5
4222,2422
4223,1814.5
4224,1795
4225,1795
4226,2110.5
4227,2318.25
4228,2615
4229,2784
4230,2956.5
4231,2763
4232,2736.5
4233,2617
4234,2243.75
4235,1800.25
4236,1764.5
4237,1794.75
4238,2070.75
4239,2392.75
4240,2556.75
4241,2847.75
4242,2970.5
4243,2765.25
4244,2659.75
4245,2589.25
4246,2027.75
4247,1792.75
4248,1750
4249,1892.5
4250,2152
4251,2516.75
4252,2651
4253,2818.25
4254,2942.75
4255,2805.75
4256,2747
4257,2595.5
4258,2037.5
4259,1766.75
4260,1736.75
4261,1867.25
4262,2201.5
4263,2533.5
4264,2736
4265,2967.75
4266,2842.25
4267,2716.75
4268,2686.5
4269,2583
4270,1893.75
4271,1780.75
4272,1713.25
4273,1837.5
4274,2280.75
4275,2572.25
4276,2745.5
4277,2904
4278,2887.75
4279,2709
4280,2826
4281,2482
4282,1820.75
4283,1765.25
4284,1726.5
4285,2015.25
4286,2302.25
4287,2537
4288,2772.5
4289,2865
4290,2803.75
4291,2768
4292,2635.25
4293,2232.75
4294,1854
4295,1740.5
4296,1801
4297,1999.5
4298,2412.5
4299,2632.5
4300,2731.25
4301,2946.75
4302,2815.5
4303,2875.25
4304,2658.75
4305,2206.25
4306,1753.75
4307,1712.75
4308,1722.5
4309,2021.25
4310,2335.5
4311,2640.75
4312,2850.75
4313,2920
4314,2875
4315,2677.5
4316,2619
4317,2089.75
4318,1820.5
4319,1781.75
4320,1718.75
4321,2081
4322,2394.5
4323,2651.75
4324,2763
4325,2908.75
4326,2866.5
4327,2697.25
4328,2576.5
4329,2096.5
4330,1786.25
4331,1783.75
4332,1793.75
4333,2086.25
4334,2477.75
4335,2652.25
4336,2835.75
4337,2874
4338,2770.25
4339,2699
4340,2601.25
4341,1980
4342,1805.5
4343,1650.75
4344,1819
4345,2241.5
4346,2512.25
4347,2659.75
4348,2824.5
4349,2928.75
4350,2821.75
4351,2790.25
4352,2669
4353,2062
4354,1764.75
4355,1674
4356,1704.5
4357,2079.25
4358,2497.25
4359,2790.25
4360,2808
4361,2932.25
4362,2843.75
4363,2761.5
4364,2655.5
4365,2047.5
4366,1757
4367,1716
4368,1814
4369,2255.5
4370,2506.75
4371,2713.25
4372,2837
4373,2965
4374,2877
4375,2740
4376,2620.75
4377,1950
4378,1735
4379,1726.5
4380,1880.25
4381,2268
4382,2519
4383,2769.5
4384,2924.5
4385,2863.5
4386,2720.25
4387,2619.5
4388,2518.25
4389,1872.75
4390,1718.75
4391,1647.25
4392,1904
4393,2263
4394,2595.25
4395,2701.25
4396,2831.5
4397,2921.25
4398,2801
4399,2830.25
4400,2483.75
4401,1775
4402,1737.75
4403,1662
4404,1939.25
4405,2257.5
4406,2610.25
4407,2876.25
4408,2987
4409,2877.75
4410,2698
4411,2640.25
4412,2348.75
4413,1893
4414,1763.75
4415,1716
4416,2007
4417,2344
4418,2607.25
4419,2827
4420,2959.75
4421,2928.75
4422,2783.75
4423,2613.25
4424,2154.75
4425,1838
4426,1827
4427,1750.5
4428,1987
4429,2495.5
4430,2627.5
4431,2775.25
4432,2917.75
4433,2806.5
4434,2734.5
4435,2622.25
4436,2169.25
4437,1788
4438,1726.75
4439,1732
4440,2053.25
4441,2263.25
4442,2643.75
4443,2806.75
4444,2902.75
4445,2845.5
4446,2711.25
4447,2568.75
4448,2073.75
4449,1770.5
4450,1704.75
4451,1736.25
4452,2170.75
4453,2452
4454,2721.25
4455,2829.5
4456,2897.5
4457,2758.75
4458,2662
4459,2675.5
4460,2002
4461,1665.5
4462,1660.75
4463,1859
4464,2234.5
4465,2489
4466,2735
4467,2907
4468,2847.25
4469,2747
4470,2697.75
4471,2554.25
4472,1937
4473,1728
4474,1725
4475,1948.75
4476,2389.75
4477,2643
4478,2819
4479,2880.25
4480,2885.25
4481,2731.25
4482,2649.25
4483,2383.25
4484,1833.5
4485,1730.5
4486,1770.25
4487,2102.75
4488,2352.75
4489,2686.75
4490,2865.5
4491,2918.75
4492,2804.75
4493,2741.25
4494,2626
4495,2280.75
4496,1853
4497,1679.75
4498,1773.25
4499,2074.25
4500,2501.75
4501,2744
4502,2889.75
4503,2942
4504,2844
4505,2775.75
4506,2688
4507,2114.75
4508,1789
4509,1716.75
4510,1699
4511,2038.25
4512,2473.75
4513,2694.5
4514,2931
4515,2916.75
4516,2772
4517,2669.5
4518,2617.5
4519,2044.5
4520,1749
4521,1730.5
4522,1794.75
4523,2129.25
4524,2559.5
4525,2826.5
4526,2804
4527,2835.75
4528,2772.75
4529,2738.25
4530,2558.75
4531,1919.25
4532,1683.5
4533,1688.25
4534,1810
4535,2249.5
4536,2555.5
4537,2675.75
4538,2910.25
4539,2826
4540,2745.5
4541,2750.75
4542,2492
4543,1824
4544,1682.5
4545,1680
4546,1904.25
4547,2371.25
4548,2734.5
4549,2758.75
4550,2859.75
4551,2842.5
4552,2717.75
4553,2651.25
4554,2326
4555,1762
4556,1702
4557,1681.5
4558,2090.5
4559,2432
4560,2759
4561,2865.25
4562,2875
4563,2872.25
4564,2793.25
4565,2696.75
4566,2106.25
4567,1726.75
4568,1707.25
4569,1694
4570,1958.75
4571,2462.75
4572,2627.75
4573,2769.75
4574,2854.5
4575,2880.5
4576,2757
4577,2608.25
4578,2060.75
4579,1805.75
4580,1697.75
4581,1792.75
4582,2131.75
4583,2519.25
4584,2667.75
4585,2843.5
4586,2868.25
4587,2874.5
4588,2736.5
4589,2576.5
4590,2014.5
4591,1738
4592,1688.25
4593,1800.25
4594,2178
4595,2596.5
4596,2829.5
4597,2889.25
4598,2804.25
4599,2784
4600,2639.25
4601,2555.25
4602,1855.75
4603,1678.25
4604,1693.75
4605,1864
4606,2218
4607,2631.75
4608,2803
4609,2872.75
4610,2859.25
4611,2726.75
4612,2680
4613,2494.5
4614,1822.5
4615,1704.75
4616,1663.5
4617,1947.25
4618,2327.75
4619,2674
4620,2764
4621,2906.75
4622,2804
4623,2864
4624,2629.5
4625,2235
4626,1826.75
4627,1720.75
4628,1681.75
4629,1916.75
4630,2317.5
4631,2552.5
4632,2826.25
4633,2899
4634,2833.5
4635,2723
4636,2732.25
4637,2202.75
4638,1743.75
4639,1670
4640,1730
4641,2051.75
4642,2464.25
4643,2635.75
4644,2793
4645,2869
4646,2782.75
4647,2787.25
4648,2619
4649,2096.5
4650,1818.25
4651,1734.25
4652,1808.25
4653,1992.75
4654,2455.5
4655,2707
4656,2930.25
4657,2977.75
4658,2786.75
4659,2699
4660,2441.75
4661,1983.5
4662,1782
4663,1670
4664,1825.75
4665,2077
4666,2518.75
4667,2731.25
4668,2996.5
4669,3038
4670,2782.5
4671,2691
4672,2555.75
4673,1867.75
4674,1738.75
4675,1624.75
4676,1826
4677,2186.25
4678,2663.5
4679,2846.25
4680,2965.75
4681,2822.75
4682,2752.25
4683,2649
4684,2424.5
4685,1821.75
4686,1659
4687,1683.75
4688,1945
4689,2321.5
4690,2673.25
4691,2838.25
4692,2996.75
4693,2790.25
4694,2785
4695,2652.75
4696,2432.25
4697,1808.75
4698,1718
4699,1719
4700,1984.5
4701,2416.25
4702,2677.25
4703,2952
4704,2928.25
4705,2851.75
4706,2749.5
4707,2566.25
4708,2217.5
4709,1748.25
4710,1665.25
4711,1803
4712,2130.5
4713,2465.25
4714,2788.25
4715,2867.5
4716,2884
4717,2809
4718,2703.25
4719,2583.75
4720,2034.25
4721,1796.75
4722,1686.75
4723,1722.5
4724,2097.25
4725,2491
4726,2726.75
4727,2751.5
4728,2989.25
4729,2933.5
4730,2726
4731,2598.5
4732,1946.25
4733,1802.75
4734,1642.25
4735,1907
4736,2183.25
4737,2420.5
4738,2693.5
4739,2870.5
4740,2893.75
4741,2753.5
4742,2639.25
4743,2658.75
4744,1868
4745,1703.5
4746,1641
4747,1861.75
4748,2214.75
4749,2620.25
4750,2752.25
4751,2888.25
4752,2896.5
4753,2774.25
4754,2714.25
4755,2449
4756,1850.75
4757,1706
4758,1628
4759,1934
4760,2334.5
4761,2570
4762,2764.75
4763,2931.5
4764,2873.5
4765,2719.75
4766,2643.5
4767,2383.75
4768,1819.25
4769,1721.5
4770,1718.5
4771,1964
4772,2338.25
4773,2572.75
4774,2854.75
4775,2914.25
4776,2838.25
4777,2752.25
4778,2598.5
4779,2232.25
4780,1830.75
4781,1719.25
4782,1712.75
4783,1986.75
4784,2325
4785,2670.5
4786,2889.25
4787,2969
4788,2887.25
4789,2715.25
4790,2649.5
4791,2186.5
4792,1840.75
4793,1659
4794,1664.5
4795,2043
4796,2391.5
4797,2713
4798,2917.5
4799,3041.5
4800,2858
4801,2750.75
4802,2498.5
4803,2056.75
4804,1741.75
4805,1676.75
4806,1747.5
4807,2074.75
4808,2430.75
4809,2641
4810,2949.25
4811,2946
4812,2828
4813,2609.25
4814,2580.25
4815,2081.5
4816,1695.75
4817,1648.5
4818,1782
4819,2133
4820,2476.5
4821,2783
4822,2913.5
4823,2892.75
4824,2756
4825,2591.5
4826,2518.5
4827,1890.5
4828,1740.25
4829,1630
4830,1878
4831,2163.25
4832,2644
4833,2849
4834,2992
4835,2814.5
4836,2709
4837,2643
4838,2434.25
4839,1807.75
4840,1735.75
4841,1627
4842,1924.25
4843,2344.5
4844,2707.5
4845,2865.25
4846,2875.75
4847,2827
4848,2746.25
4849,2703.25
4850,2259
4851,1801.75
4852,1696
4853,1687.75
4854,2021.25
4855,2392.5
4856,2702.75
4857,2811
4858,2958
4859,2802.25
4860,2663
4861,2683
4862,2085.5
4863,1703.5
4864,1569
4865,1768.75
4866,2226.75
4867,2502.5
4868,2824
4869,2919.75
4870,2935.25
4871,2862.25
4872,2668.5
4873,2624.75
4874,1838
4875,1757.5
4876,1567.25
4877,1744.75
4878,2144.5
4879,2535.75
4880,2814.5
4881,2888.5
4882,2830.5
4883,2810.25
4884,2647.25
4885,2659.25
4886,1963.75
4887,1666.75
4888,1721.25
4889,1803.75
4890,2203.25
4891,2576.5
4892,2840.5
4893,2941.75
4894,2855
4895,2628.75
4896,2603.5
4897,2516.75
4898,1782.5
4899,1704
4900,1642
4901,1973.75
4902,2311
4903,2757.75
4904,2816
4905,2998.25
4906,2847.25
4907,2644.5
4908,2613.5
4909,2323.5
4910,1753
4911,1694.25
4912,1713.25
4913,2036
4914,2314.5
4915,2688.75
4916,2794.25
4917,2907.25
4918,2889.5
4919,2680.75
4920,2623.5
4921,2385.25
4922,1745
4923,1638
4924,1669.75
4925,1933
4926,2338.5
4927,2700
4928,2922.75
4929,2994.25
4930,2812
4931,2759.25
4932,2638.5
4933,2262.25
4934,1870.75
4935,1706.75
4936,1809.5
4937,2038
4938,2368.25
4939,2806.75
4940,2958.25
4941,2947.5
4942,2784
4943,2740.25
4944,2651.5
4945,1944.75
4946,1748.75
4947,1615
4948,1790.25
4949,2080.5
4950,2492.5
4951,2779.75
4952,2985
4953,2922
4954,2768.25
4955,2673.5
4956,2501.75
4957,1972
4958,1803.5
4959,1702
4960,1852.25
4961,2162.5
4962,2469.25
4963,2720.25
4964,2873.25
4965,2998.25
4966,2817.5
4967,2634.25
4968,2545.25
4969,1832
4970,1729.75
4971,1691.25
4972,1890
4973,2198.5
4974,2541
4975,2847.25
4976,2991
4977,2842.75
4978,2755.25
4979,2620
4980,2509.25
4981,1860.75
4982,1719.75
4983,1685
4984,1892.25
4985,2536
4986,2596.75
4987,2921.25
4988,2918.5
4989,2778.25
4990,2739
4991,2622.5
4992,2401.75
4993,1692.5
4994,1738.5
4995,1661.5
4996,1939.25
4997,2349
4998,2750.75
4999,2955
5000,2974.5
5001,2791.5
5002,2752.75
5003,2590.25
5004,2432.75
5005,1838
5006,1772.75
5007,1739.5
5008,2077.75
5009,2485
5010,2654.75
5011,2901.25
5012,2891
5013,2799.75
5014,2726.5
5015,2608
5016,2054.25
5017,1695.75
5018,1701.75
5019,1732
5020,1971.5
5021,2442.75
5022,2702.5
5023,2974.5
5024,2963.75
5025,2855
5026,2713.75
5027,2577.5
5028,2114.5
5029,1685.25
5030,1684.5
5031,1752.25
5032,1935.25
5033,2347.75
5034,2666.5
5035,2947.5
5036,2966.25
5037,2769.25
5038,2707.25
5039,2558.5
5040,2069.25
5041,1721.75
5042,1691.25
5043,1783
5044,2096.5
5045,2471.75
5046,2843.5
5047,2954.5
5048,2938
5049,2800
5050,2622
5051,2552.5
5052,2005.75
5053,1788.75
5054,1611.5
5055,1751.5
5056,1927.25
5057,2459
5058,2723.5
5059,2807.75
5060,2983
5061,2787
5062,2638
5063,2542.5
5064,1924.25
5065,1734.75
5066,1621.25
5067,1756
5068,2040.5
5069,2445.75
5070,2818.5
5071,2957.5
5072,2922.5
5073,2737.5
5074,2600.75
5075,2574.5
5076,1919.75
5077,1804.75
5078,1731.5
5079,1819.75
5080,2207.25
5081,2440
5082,2770.25
5083,2967.75
5084,2867
5085,2720.75
5086,2614.25
5087,2458.75
5088,1831.25
5089,1712.25
5090,1704.75
5091,1926.75
5092,2263
5093,2507.75
5094,2739
5095,2908
5096,2952.5
5097,2758.25
5098,2606.75
5099,2281.5
5100,1793.5
5101,1775
5102,1723.25
5103,2046
5104,2365.5
5105,2653.25
5106,2770.25
5107,2888
5108,2848.5
5109,2798.5
5110,2721.25
5111,2221
5112,1746
5113,1690.25
5114,1726.25
5115,2166.25
5116,2408
5117,2723
5118,2917.25
5119,2939.75
5120,2857.75
5121,2781.75
5122,2736.25
5123,2077.5
5124,1727.25
5125,1634.25
5126,1722.25
5127,2064.25
5128,2402.5
5129,2602.25
5130,2877.25
5131,2957.5
5132,2825.25
5133,2805.5
5134,2697.5
5135,2161
5136,1781
5137,1645.75
5138,1738.25
5139,2035.75
5140,2462
5141,2684
5142,2905.5
5143,2972
5144,2844
5145,2743.5
5146,2612.25
5147,2168.5
5148,1865
5149,1726
5150,1793.75
5151,2119.25
5152,2496.25
5153,2836.5
5154,2928.5
5155,2910.5
5156,2799.75
5157,2723
5158,2581.75
5159,2145.5
5160,1747
5161,1660
5162,1797.75
5163,2046.25
5164,2398.75
5165,2929
5166,2922.25
5167,2940.25
5168,2818.25
5169,2764.5
5170,2672.75
5171,2006
5172,1785
5173,1628.25
5174,1783.25
5175,2124.5
5176,2462.25
5177,2872.5
5178,3045
5179,2910.75
5180,2805.5
5181,2702.25
5182,2584
5183,1886.75
5184,1785.25
5185,1733.25
5186,1906.25
5187,2250.5
5188,2459
5189,2763.75
5190,2908.75
5191,2979.75
5192,2773.75
5193,2699.5
5194,2523.25
5195,1822.25
5196,1779.75
5197,1757.5
5198,1867.25
5199,2142.25
5200,2486
5201,2764.25
5202,2932.25
5203,2902.75
5204,2825
5205,2702
5206,2499
5207,1892
5208,1755.25
5209,1708.75
5210,1895.25
5211,2258.25
5212,2540.75
5213,2669.25
5214,2868.25
5215,2886
5216,2764.75
5217,2633
5218,2531.25
5219,1788.5
5220,1704.5
5221,1703.25
5222,1947
5223,2318.75
5224,2645
5225,2892.5
5226,3034.25
5227,2898
5228,2787.75
5229,2607.75
5230,2547.75
5231,2011.75
5232,1673
5233,1676
5234,1818
5235,2264
5236,2483.25
5237,2935.5
5238,3029
5239,2879
5240,2821.25
5241,2711.75
5242,2549
5243,1860.75
5244,1706
5245,1738.75
5246,1937.5
5247,2390.5
5248,2634.25
5249,2804
5250,2942
5251,2838.75
5252,2736.5
5253,2632.75
5254,2560.25
5255,1781.25
5256,1749.25
5257,1648.5
5258,1837.75
5259,2215.5
5260,2692
5261,2947
5262,3013.25
5263,2869
5264,2751.25
5265,2702
5266,2486.5
5267,1834
5268,1703.5
5269,1801.5
5270,1877.5
5271,2256.5
5272,2570.25
5273,2804
5274,2989
5275,2907.75
5276,2798
5277,2671.5
5278,2463
5279,1777.5
5280,1675.25
5281,1676.5
5282,1992.25
5283,2412
5284,2627.5
5285,2707.5
5286,2905.25
5287,2903.25
5288,2792
5289,2647.75
5290,2445.75
5291,1859.25
5292,1731.75
5293,1733
5294,1925.25
5295,2396.75
5296,2651.25
5297,2827
5298,2890.75
5299,2826.75
5300,2832.75
5301,2616.5
5302,2235.5
5303,1838
5304,1715.25
5305,1716
5306,2100
5307,2432.75
5308,2726.5
5309,2802.5
5310,2861.75
5311,2847.75
5312,2720
5313,2758
5314,2168.5
5315,1756
5316,1791
5317,1765
5318,2209.25
5319,2432
5320,2729
5321,2862.25
5322,2858.25
5323,2841.75
5324,2714
5325,2524.75
5326,1977
5327,1751
5328,1647.5
5329,1837.75
5330,2188
5331,2540.75
5332,2794.25
5333,2926
5334,2898.5
5335,2796
5336,2753.25
5337,2572.25
5338,1932
5339,1757.75
5340,1663.25
5341,1853.5
5342,2189.75
5343,2557.5
5344,2816.25
5345,2976.5
5346,2842.25
5347,2793.5
5348,2640.5
5349,2543
5350,1929.5
5351,1773
5352,1674
5353,1809.25
5354,2213.75
5355,2460.25
5356,2900
5357,2986
5358,2929.5
5359,2754.25
5360,2648.75
5361,2533
5362,1962.5
5363,1766.5
5364,1735
5365,1812
5366,2249.75
5367,2476.5
5368,2822.5
5369,2959.5
5370,3009.5
5371,2709
5372,2607
5373,2490.75
5374,1835.5
5375,1816.5
5376,1636.5
5377,1835.25
5378,2195.5
5379,2617.75
5380,2946.25
5381,2989
5382,2793.75
5383,2744
5384,2659.5
5385,2536
5386,1926.75
5387,1716.25
5388,1776
5389,1816.25
5390,2271
5391,2608.5
5392,2784
5393,2961.25
5394,2974.5
5395,2710.5
5396,2599.75
5397,2425
5398,2001.75
5399,1899.75
5400,1826.5
5401,2020.75
5402,2332.25
5403,2533.25
5404,2781
5405,2915.25
5406,2810.25
5407,2717
5408,2673.75
5409,2346.75
5410,1821.5
5411,1741.75
5412,1757.5
5413,1938.25
5414,2257.25
5415,2599.25
5416,2850.5
5417,2994.25
5418,2941.75
5419,2784.5
5420,2691
5421,2394
5422,1840.5
5423,1730.25
5424,1669.75
5425,2086.25
5426,2373.25
5427,2608.25
5428,2766.25
5429,2904
5430,2900.75
5431,2739.75
5432,2702.75
5433,2494.25
5434,1840.25
5435,1755
5436,1728.5
5437,2005.25
5438,2371.75
5439,2641.75
5440,2743
5441,2875.75
5442,2887.5
5443,2773.25
5444,2672.75
5445,2397
5446,1826.5
5447,1763.5
5448,1639.25
5449,2091.5
5450,2363.75
5451,2663.5
5452,2856.5
5453,2920.75
5454,2792.75
5455,2717
5456,2661
5457,2336.5
5458,1795
5459,1702.75
5460,1707.25
5461,1897.25
5462,2423.75
5463,2712.75
5464,2898.75
5465,2972.75
5466,2884.5
5467,2712
5468,2594.5
5469,2255.25
5470,1789
5471,1723.75
5472,1704
5473,1919.75
5474,2332
5475,2774
5476,2882.5
5477,2977.5
5478,2794
5479,2684
5480,2547.25
5481,2144.25
5482,1784.25
5483,1702.25
5484,1766.5
5485,2123.5
5486,2400.75
5487,2657
5488,2757
5489,2923.25
5490,2800.75
5491,2878.25
5492,2661.5
5493,2002.75
5494,1743.5
5495,1670.25
5496,1770.25
5497,2101
5498,2500
5499,2605
5500,2832
5501,2953.25
5502,2809
5503,2728.75
5504,2619.75
5505,1912
5506,1766.25
5507,1645.5
5508,1817.25
5509,2232.5
5510,2446.75
5511,2729.75
5512,2974.5
5513,2922.5
5514,2685.25
5515,2626
5516,2489
5517,1898.25
5518,1788.75
5519,1738.25
5520,1993.25
5521,2449.5
5522,2531.25
5523,2810.25
5524,2853.75
5525,2803.25
5526,2729.25
5527,2823.25
5528,2621
5529,1857.75
5530,1719.5
5531,1711.75
5532,1872.75
5533,2286.5
5534,2567.75
5535,2780.5
5536,2890.25
5537,2904.5
5538,2790.75
5539,2728
5540,2481.75
5541,1775.5
5542,1709.5
5543,1648.25
5544,1983.75
5545,2397
5546,2609.5
5547,2845
5548,2877.5
5549,2806.25
5550,2689.25
5551,2613
5552,2274.25
5553,1819.75
5554,1707.25
5555,1764.5
5556,2030.25
5557,2400.25
5558,2717.5
5559,2866.25
5560,2961.75
5561,2792.5
5562,2685
5563,2627
5564,2136.25
5565,1819.5
5566,1733.75
5567,1804.5
5568,2180.5
5569,2389.5
5570,2756.25
5571,2893.75
5572,2924.5
5573,2816.75
5574,2744.5
5575,2601
5576,2036.5
5577,1780
5578,1609.25
5579,1702.75
5580,2074.25
5581,2373.75
5582,2847
5583,3002.5
5584,3016.75
5585,2885.5
5586,2716.25
5587,2609.25
5588,1960.75
5589,1746
5590,1671
5591,1818.75
5592,2129.25
5593,2463.75
5594,2854.25
5595,2957
5596,2990.75
5597,2777.5
5598,2689
5599,2538.5
5600,1958
5601,1794
5602,1704
5603,1798.5
5604,2222.75
5605,2554.75
5606,2847
5607,2904.75
5608,2886
5609,2748.5
5610,2740.25
5611,2645.75
5612,2002.25
5613,1739.75
5614,1682.75
5615,1862.75
5616,2273.25
5617,2590.75
5618,2790.75
5619,2930
5620,2989.5
5621,2837.75
5622,2687.5
5623,2579
5624,1887
5625,1785.5
5626,1699.25
5627,1925
5628,2224.25
5629,2607.25
5630,2729.25
5631,2850.75
5632,2940
5633,2835
5634,2793.75
5635,2594.5
5636,1863.75
5637,1727.25
5638,1740.75
5639,1840.5
5640,2292.25
5641,2412
5642,2801.25
5643,2885.75
5644,2916.5
5645,2816.5
5646,2710
5647,2469.25
5648,1786
5649,1664.25
5650,1659.5
5651,1949.5
5652,2252.5
5653,2567.25
5654,2825.5
5655,2896
5656,2930.25
5657,2771.5
5658,2748.5
5659,2520.25
5660,1980.5
5661,1781
5662,1745
5663,1994.25
5664,2295.25
5665,2578.5
5666,2821.25
5667,2909.5
5668,2875.5
5669,2825
5670,2599.25
5671,2549
5672,1857.75
5673,1805.25
5674,1706
5675,2094.5
5676,2413.5
5677,2669.75
5678,2939.5
5679,3019.25
5680,2860.5
5681,2784
5682,2667.25
5683,2473.75
5684,1867
5685,1734.75
5686,1719.25
5687,2104.5
5688,2429.75
5689,2652.5
5690,2859.5
5691,2988.25
5692,2929.75
5693,2769
5694,2666.5
5695,2360.25
5696,1823.25
5697,1699.25
5698,1743.75
5699,1975
5700,2441.25
5701,2653.25
5702,2800
5703,2953.75
5704,2781.5
5705,2742.75
5706,2624
5707,2323.5
5708,1868.75
5709,1712
5710,1749
5711,2007.25
5712,2416
5713,2609.5
5714,2890.5
5715,2934.75
5716,2899.5
5717,2792.5
5718,2706.75
5719,2323.5
5720,1863.75
5721,1781.75
5722,1729
5723,2070
5724,2466
5725,2657.5
5726,2871.25
5727,2988.5
5728,2828.25
5729,2831.5
5730,2646.25
5731,2201.5
5732,1793.5
5733,1768
5734,1764.25
5735,2041
5736,2433.25
5737,2693.5
5738,2964.75
5739,2981.25
5740,2861.25
5741,2749.5
5742,2546.25
5743,2099.5
5744,1760.25
5745,1690.75
5746,1755.5
5747,2197
5748,2479.5
5749,2770.25
5750,2969.75
5751,2967
5752,2815
5753,2692.75
5754,2619.75
5755,1990.75
5756,1777
5757,1762.25
5758,1967.5
5759,2233.5
5760,2466.5
5761,2759.25
5762,2868.25
5763,2985.75
5764,2911.75
5765,2658.25
5766,2594
5767,1848
5768,1805.75
5769,1681.5
5770,1883.75
5771,2234
5772,2545.75
5773,2754.75
5774,2898.25
5775,2931.75
5776,2824.75
5777,2714.5
5778,2595.75
5779,2022.25
5780,1811.75
5781,1708.5
5782,1880.5
5783,2284.5
5784,2574.5
5785,2862.25
5786,2915
5787,2943.5
5788,2807.5
5789,2681.75
5790,2542.5
5791,1969.5
5792,1691
5793,1698.5
5794,1841.25
5795,2262
5796,2530.75
5797,2826
5798,2953.5
5799,2975
5800,2848.25
5801,2741.75
5802,2543.75
5803,1945.5
5804,1754
5805,1762.75
5806,1899
5807,2319.5
5808,2551.25
5809,2902
5810,3110.25
5811,2912.5
5812,2777.75
5813,2751.25
5814,2516.75
5815,1868.25
5816,1876.25
5817,1646.5
5818,1850.25
5819,2233
5820,2584.25
5821,2870.5
5822,2994.5
5823,2979
5824,2780.25
5825,2718
5826,2469.25
5827,1899.75
5828,1781.25
5829,1774.25
5830,1946.5
5831,2275
5832,2676.75
5833,2936.25
5834,3008.75
5835,2968.25
5836,2769.25
5837,2658
5838,2315.25
5839,1903
5840,1769.75
5841,1736.5
5842,2013.5
5843,2417
5844,2705
5845,2900.75
5846,2946
5847,2798.5
5848,2768
5849,2616.25
5850,2305.75
5851,1878.25
5852,1758.25
5853,1713.75
5854,2156.5
5855,2386.5
5856,2769.5
5857,2859.75
5858,3017.75
5859,2838
5860,2764.75
5861,2706.5
5862,2240.25
5863,1808.25
5864,1742
5865,1672
5866,2027.75
5867,2434.25
5868,2729.75
5869,2937.75
5870,2964.75
5871,2811.25
5872,2764.25
5873,2559.5
5874,2292
5875,1857
5876,1753
5877,1764
5878,2046.25
5879,2496.5
5880,2678.25
5881,2978.5
5882,2928
5883,2871.25
5884,2777.25
5885,2739.25
5886,2269.5
5887,1883
5888,1728.25
5889,1832.75
5890,2085.5
5891,2575.5
5892,2769.25
5893,2901
5894,2992.25
5895,2800.5
5896,2822.5
5897,2676.5
5898,2123.5
5899,1719.75
5900,1677.5
5901,1785
5902,2118.75
5903,2506.5
5904,2842.25
5905,2920.75
5906,2943.25
5907,2837.75
5908,2856.75
5909,2566
5910,2074.5
5911,1773.75
5912,1678.25
5913,1846.5
5914,2171.25
5915,2564.5
5916,2769.25
5917,2993.25
5918,2984.25
5919,2870.25
5920,2773.5
5921,2633.25
5922,2092.5
5923,1822.75
5924,1767.25
5925,1904.25
5926,2210.5
5927,2483.5
5928,2684.5
5929,2925.5
5930,2984.5
5931,2959.75
5932,2740.5
5933,2692.5
5934,2006
5935,1820.25
5936,1718
5937,1790
5938,2034
5939,2432.25
5940,2674
5941,2946.5
5942,2967.25
5943,2937.5
5944,2792.75
5945,2661.25
5946,2044
5947,1897
5948,1734.5
5949,1870.25
5950,2125
5951,2496.5
5952,2656.25
5953,2897
5954,3039.25
5955,2795.5
5956,2757.25
5957,2655.5
5958,2067.75
5959,1756.25
5960,1675.25
5961,1851.5
5962,2226.25
5963,2547.25
5964,2825.75
5965,2901.75
5966,2933.25
5967,2842.75
5968,2757
5969,2562
5970,1904.25
5971,1698
5972,1671.25
5973,1935.75
5974,2275.5
5975,2667
5976,2779.25
5977,2947.75
5978,2959.75
5979,2811
5980,2761.5
5981,2562
5982,1874.75
5983,1760.25
5984,1683.5
5985,1908.25
5986,2333.75
5987,2608.5
5988,2863
5989,2940.5
5990,2908.5
5991,2840.25
5992,2707.25
5993,2534.25
5994,1923.25
5995,1737.25
5996,1676
5997,1976
5998,2374.75
5999,2731.75
6000,2906.75
6001,3013
6002,2884.75
6003,2784
6004,2647.25
6005,2513.25
6006,1908.5
6007,1721.75
6008,1649.75
6009,1918
6010,2355.25
6011,2523.5
6012,2867.25
6013,3085.75
6014,2926.75
6015,2818.25
6016,2724.5
6017,2542.5
6018,1849.25
6019,1729
6020,1654
6021,1821
6022,2327.25
6023,2563.75
6024,2921.25
6025,3045.75
6026,2839.5
6027,2784.5
6028,2670.25
6029,2330.75
6030,1795.75
6031,1801.75
6032,1736
6033,1970
6034,2283.75
6035,2711
6036,2863.25
6037,3024.75
6038,2857
6039,2798.5
6040,2649.75
6041,2389
6042,1888.75
6043,1773.5
6044,1700.5
6045,1984.75
6046,2388.75
6047,2593.75
6048,2807.75
6049,2923.75
6050,2853.5
6051,2888
6052,2651.75
6053,2372.5
6054,1856
6055,1769.75
6056,1726
6057,1979.5
6058,2391.25
6059,2695.75
6060,2838.5
6061,2905
6062,2834.25
6063,2830.25
6064,2667.75
6065,2294.5
6066,1910
6067,1817.5
6068,1789
6069,2036
6070,2461.5
6071,2711.75
6072,2959.75
6073,2980.25
6074,2805
6075,2841.25
6076,2686.75
6077,2214
6078,1816
6079,1827.25
6080,1880.25
6081,2206.5
6082,2488
6083,2732.5
6084,2953.5
6085,2961
6086,2850.75
6087,2819.25
6088,2566.75
6089,2063.25
6090,1761
6091,1607.5
6092,1774.25
6093,2133.75
6094,2578.75
6095,2748.5
6096,2907.75
6097,3012.75
6098,2865
6099,2831.75
6100,2597.25
6101,2094
6102,1796.75
6103,1690.5
6104,1717.75
6105,2139.75
6106,2441.5
6107,2773
6108,2919.75
6109,2980.75
6110,2781.25
6111,2731.25
6112,2604.25
6113,1996.75
6114,1704
6115,1757.5
6116,1708.75
6117,2180.75
6118,2620
6119,2807
6120,3014.75
6121,2965
6122,2921.25
6123,2759.25
6124,2480.75
6125,2138.5
6126,1842.75
6127,1826.25
6128,1822.25
6129,2129.25
6130,2505.25
6131,2763.75
6132,3005
6133,2968
6134,2891.5
6135,2858
6136,2559.25
6137,1923.5
6138,1796.25
6139,1678.5
6140,1736.75
6141,2212
6142,2726
6143,3023.5
6144,3128.5
6145,2992.5
6146,2807.5
6147,2733.25
6148,2642.25
6149,2035.25
6150,1772.25
6151,1717.5
6152,1806.75
6153,2287.5
6154,2538.5
6155,2797.25
6156,3059
6157,3009.25
6158,2812
6159,2732
6160,2615.5
6161,2034.25
6162,1837.5
6163,1730
6164,1878
6165,2341
6166,2512.5
6167,2896.25
6168,2905.5
6169,2977
6170,2789
6171,2725.25
6172,2607.25
6173,1923.75
6174,1770.25
6175,1674.75
6176,1842.5
6177,2292
6178,2553
6179,2818.5
6180,2907.25
6181,2909.5
6182,2838.25
6183,2760.25
6184,2623
6185,1918.75
6186,1847.75
6187,1585.5
6188,1860
6189,2287
6190,2570.25
6191,2723
6192,2965.25
6193,2900
6194,2805.25
6195,2772.5
6196,2605.75
6197,1971.75
6198,1770
6199,1677.25
6200,1854.5
6201,2262.75
6202,2552
6203,2806
6204,2984
6205,2972.25
6206,2779.75
6207,2777.5
6208,2616.25
6209,1919.5
6210,1842.75
6211,1692.75
6212,2020.75
6213,2465.75
6214,2790
6215,2982.5
6216,3034.5
6217,2981.25
6218,2771
6219,2794.5
6220,2516.5
6221,1891.5
6222,1753.25
6223,1606.5
6224,1895.75
6225,2308.25
6226,2502.25
6227,2764.5
6228,2974.75
6229,2948
6230,2825.25
6231,2677.25
6232,2488.5
6233,1912.5
6234,1815.75
6235,1668.5
6236,1887.25
6237,2382.25
6238,2462.25
6239,2887
6240,2930
6241,2925.25
6242,2856
6243,2777.75
6244,2481.5
6245,1935.75
6246,1794.75
6247,1704
6248,1988.75
6249,2357.75
6250,2586.25
6251,2829.25
6252,2924.5
6253,2914.75
6254,2800.5
6255,2676.5
6256,2438
6257,1806.75
6258,1753
6259,1730.25
6260,1927.25
6261,2363.25
6262,2633
6263,2823.75
6264,3009
6265,2964.5
6266,2837.25
6267,2738.75
6268,2355.5
6269,1853.75
6270,1764.25
6271,1809.5
6272,2094.75
6273,2422.75
6274,2714.5
6275,2835.25
6276,3035
6277,2948.25
6278,2848
6279,2766.25
6280,2334.5
6281,1851.25
6282,1745.5
6283,1767.25
6284,2045
6285,2455.25
6286,2723.25
6287,2867.5
6288,2982.75
6289,2855.25
6290,2803.25
6291,2715.75
6292,2291.25
6293,1846.25
6294,1730
6295,1776.25
6296,2076.5
6297,2444.75
6298,2714.5
6299,2859.5
6300,3031.75
6301,2891
6302,2800.25
6303,2679
6304,2263
6305,1759
6306,1685.25
6307,1696.5
6308,2120.25
6309,2426.25
6310,2762.5
6311,2919.5
6312,2972.5
6313,2918.75
6314,2745.75
6315,2669
6316,2120.5
6317,1760.25
6318,1729.25
6319,1791
6320,2105
6321,2509.5
6322,2755
6323,2984.5
6324,2973.25
6325,2893.75
6326,2785.5
6327,2596
6328,2092.5
6329,1769.5
6330,1812.5
6331,1810.5
6332,2157
6333,2510.25
6334,2598
6335,2964.75
6336,2956.5
6337,2801.5
6338,2771.75
6339,2701
6340,1934
6341,1764
6342,1681.5
6343,1945.75
6344,2204.25
6345,2551.5
6346,2753.75
6347,2946.25
6348,3002.25
6349,2867
6350,2763.5
6351,2659.25
6352,1988.5
6353,1775.25
6354,1647
6355,1794.75
6356,2070.25
6357,2450.25
6358,2865
6359,2929.25
6360,2910
6361,2788.25
6362,2846.25
6363,2614
6364,1996.75
6365,1826
6366,1696.5
6367,1917
6368,2176.25
6369,2553
6370,2723
6371,2881.25
6372,2945.25
6373,2835.25
6374,2779
6375,2588.5
6376,1877.75
6377,1746
6378,1691
6379,1818.25
6380,2201.5
6381,2463
6382,2790
6383,3015.25
6384,2923.5
6385,2737.25
6386,2687
6387,2533.5
6388,1915
6389,1791.5
6390,1780.75
6391,1911
6392,2213.25
6393,2553.5
6394,2820.25
6395,2860.25
6396,2883.75
6397,2801.75
6398,2774.5
6399,2625
6400,1961.75
6401,1764.25
6402,1648.5
6403,1957.25
6404,2262.75
6405,2582.25
6406,2801.5
6407,2975.25
6408,3022.25
6409,2886.75
6410,2772
6411,2503.25
6412,1830.5
6413,1789
6414,1700
6415,1855
6416,2222.75
6417,2513.25
6418,2813.5
6419,2957.25
6420,3017.25
6421,2796.75
6422,2756.75
6423,2423.5
6424,1873
6425,1768
6426,1739
6427,1932.5
6428,2306.5
6429,2591.5
6430,2719.5
6431,2928.25
6432,2862.5
6433,2767
6434,2819.5
6435,2587.5
6436,1958
6437,1775
6438,1697.5
6439,1881.5
6440,2304.25
6441,2572.75
6442,2778.25
6443,2978.25
6444,2944.75
6445,2880.25
6446,2725.5
6447,2535
6448,1917.75
6449,1765.5
6450,1663.5
6451,1921.75
6452,2325.5
6453,2749.75
6454,2910
6455,2900.25
6456,2940.25
6457,2904
6458,2733
6459,2535.25
6460,1920.25
6461,1701
6462,1658.25
6463,1854
6464,2337.25
6465,2621
6466,2934.75
6467,2970.25
6468,2964.25
6469,2838
6470,2717.75
6471,2547.5
6472,1870.5
6473,1757.75
6474,1629.25
6475,1884.25
6476,2248.75
6477,2642.5
6478,2871.75
6479,2922.25
6480,2870.25
6481,2798.5
6482,2635
6483,2551.5
6484,2055
6485,1755.75
6486,1697
6487,1890.75
6488,2309.75
6489,2577.25
6490,2781.5
6491,2980
6492,2935.5
6493,2868.75
6494,2763.5
6495,2529
6496,1988.75
6497,1868.75
6498,1616.75
6499,1945.5
6500,2257.75
6501,2568
6502,2819
6503,2967.5
6504,2937.25
6505,2829.75
6506,2666.5
6507,2566
6508,1907.5
6509,1773.5
6510,1640.75
6511,1871
6512,2332
6513,2582.25
6514,2811.5
6515,3058.75
6516,2937.5
6517,2894.5
6518,2775.5
6519,2606.75
6520,1958
6521,1758.5
6522,1752.25
6523,1928.25
6524,2244.5
6525,2587
6526,2876.75
6527,2957.5
6528,2955.25
6529,2784.25
6530,2755.5
6531,2524.75
6532,1854.25
6533,1699.25
6534,1656.5
6535,1880
6536,2225.75
6537,2609.5
6538,2768.25
6539,2929.5
6540,2958.25
6541,2800.5
6542,2796
6543,2437.75
6544,1874.25
6545,1757.25
6546,1819
6547,1938
6548,2349.25
6549,2581.25
6550,2849
6551,2980
6552,2924.25
6553,2914
6554,2802
6555,2543.25
6556,1844.5
6557,1746.25
6558,1706.75
6559,1986.25
6560,2263
6561,2635.5
6562,2713.5
6563,2944.5
6564,2907
6565,2829.25
6566,2740.5
6567,2383.5
6568,1831.5
6569,1742.5
6570,1695.75
6571,1991.75
6572,2396.5
6573,2656.75
6574,2813.75
6575,2988.75
6576,2811.25
6577,2865.25
6578,2715.75
6579,2344.5
6580,1744.5
6581,1690
6582,1690
6583,1975
6584,2388.25
6585,2720.75
6586,2846.25
6587,2920.75
6588,2875.5
6589,2828.5
6590,2680.5
6591,2467.5
6592,1847.75
6593,1716.25
6594,1678.5
6595,1989
6596,2381
6597,2651.25
6598,2840
6599,2983.5
6600,2912
6601,2797.25
6602,2679.25
6603,2344.75
6604,1890.75
6605,1715
6606,1693.25
6607,2010.25
6608,2302.75
6609,2669.25
6610,2832
6611,3073.5
6612,2895.5
6613,2793.25
6614,2749.25
6615,2325
6616,1735.5
6617,1780.75
6618,1717
6619,1948
6620,2333
6621,2721.75
6622,2946.25
6623,3089
6624,2867.75
6625,2763.75
6626,2734.75
6627,2386.5
6628,1830.75
6629,1685.75
6630,1750
6631,1952
6632,2307.75
6633,2755
6634,2995.25
6635,2990.25
6636,2903.25
6637,2768.75
6638,2688.5
6639,2328
6640,1853.75
6641,1727.75
6642,1700.5
6643,1969.25
6644,2323.75
6645,2632.5
6646,2852.25
6647,3004.25
6648,2949.5
6649,2731
6650,2683
6651,2285.75
6652,1801
6653,1732.75
6654,1730
6655,2009.25
6656,2363.25
6657,2671.25
6658,2730.25
6659,2916.5
6660,2858.25
6661,2769.25
6662,2741.5
6663,2200
6664,1832
6665,1724.25
6666,1723.5
6667,1920.75
6668,2353.75
6669,2597.75
6670,2844.25
6671,2975.5
6672,2905
6673,2817.5
6674,2695
6675,2373.75
6676,1798.5
6677,1684.75
6678,1770.5
6679,2016.5
6680,2413
6681,2672
6682,2855.75
6683,2945.5
6684,2868.5
6685,2834
6686,2660.75
6687,2301.25
6688,1777.75
6689,1735.5
6690,1796.75
6691,2036.75
6692,2428.5
6693,2736.75
6694,2861.25
6695,2928.25
6696,2863
6697,2807.5
6698,2712.75
6699,2184
6700,1648.75
6701,1693
6702,1650.75
6703,1963.25
6704,2433.5
6705,2716
6706,2941.25
6707,2997.75
6708,2848.5
6709,2754
6710,2596
6711,2212.5
6712,1764
6713,1687
6714,1776.25
6715,2085.75
6716,2528.5
6717,2766
6718,2924.5
6719,2915.5
6720,2898
6721,2749
6722,2624
6723,2135
6724,1747
6725,1756.75
6726,1792.25
6727,2010
6728,2437.5
6729,2819
6730,2984.5
6731,2971.25
6732,2803.5
6733,2778.5
6734,2597.5
6735,2051.5
6736,1801
6737,1666.25
6738,1736.5
6739,2041
6740,2441.25
6741,2812
6742,2891.75
6743,2967.25
6744,2888.5
6745,2708.75
6746,2656.25
6747,2076.75
6748,1861.75
6749,1720.75
6750,1729
6751,1963
6752,2490.75
6753,2726.5
6754,2900.5
6755,2996.5
6756,2891
6757,2702.75
6758,2705.25
6759,2054.5
6760,1796.5
6761,1688
6762,1838
6763,2204.5
6764,2407.5
6765,2680.75
6766,2907
6767,2913.75
6768,2909.25
6769,2695.75
6770,2621.25
6771,2012.25
6772,1860.75
6773,1717.25
6774,1745.5
6775,2170.5
6776,2452.5
6777,2759.75
6778,2953.5
6779,3021.5
6780,2747
6781,2745.25
6782,2601.5
6783,2028.75
6784,1756
6785,1739.25
6786,1818.75
6787,2226.5
6788,2557.75
6789,2697
6790,2892.25
6791,2876
6792,2868.5
6793,2803.5
6794,2627.25
6795,2013
6796,1786
6797,1668.5
6798,1799.5
6799,2260.5
6800,2421.25
6801,2763
6802,2862
6803,2938.5
6804,2797.25
6805,2746
6806,2582.75
6807,2067.25
6808,1799.5
6809,1680.25
6810,1866.5
6811,2235
6812,2518.5
6813,2752.75
6814,2927.75
6815,2882.25
6816,2810
6817,2744.75
6818,2578.5
6819,1982.5
6820,1860.5
6821,1704.25
6822,1941.75
6823,2184.75
6824,2527.75
6825,2842.25
6826,2900.25
6827,2955
6828,2770.5
6829,2779.5
6830,2639.25
6831,1770.75
6832,1674
6833,1711.25
6834,1929.5
6835,2307.5
6836,2608.25
6837,2871.75
6838,2911
6839,2915.25
6840,2828
6841,2802
6842,2543.75
6843,1835.75
6844,1763
6845,1640
6846,1732
6847,2102
6848,2610
6849,2722.5
6850,2863.75
6851,2869.5
6852,2813
6853,2804.75
6854,2552
6855,1813.5
6856,1742.75
6857,1755.5
6858,1855.25
6859,2322.5
6860,2591.75
6861,2769.75
6862,2944.5
6863,2895.75
6864,2798.25
6865,2697.5
6866,2507.5
6867,1912.5
6868,1822.75
6869,1715.25
6870,1885
6871,2241.75
6872,2536.75
6873,2734.25
6874,3006.25
6875,2920.75
6876,2872.25
6877,2669
6878,2557.25
6879,1866.25
6880,1771.25
6881,1755.75
6882,1871.75
6883,2240.75
6884,2563.75
6885,2890.75
6886,2953.5
6887,2946.25
6888,2791.5
6889,2669.75
6890,2506
6891,1818.5
6892,1783.25
6893,1756.25
6894,1759
6895,2207
6896,2565.5
6897,2913
6898,2945.5
6899,2929.25
6900,2811.75
6901,2716
6902,2500.25
6903,1882
6904,1783.5
6905,1655.75
6906,1984.25
6907,2173.25
6908,2543.5
6909,2840.75
6910,3075.25
6911,2877.5
6912,2829.5
6913,2595.75
6914,2437.5
6915,1945.75
6916,1970.25
6917,1734.25
6918,1977.5
6919,2318.25
6920,2596.75
6921,2860.25
6922,2958.75
6923,2964.25
6924,2873
6925,2666
6926,2368.75
6927,1901.5
6928,1747.75
6929,1744.75
6930,2080.5
6931,2384.75
6932,2597.25
6933,2853
6934,2929.75
6935,2880.5
6936,2905.25
6937,2766.25
6938,2420.25
6939,1872.75
6940,1716.75
6941,1729.25
6942,1931.25
6943,2395.5
6944,2612
6945,2842.25
6946,2891.25
6947,2899.75
6948,2866.75
6949,2838.75
6950,2452.5
6951,1843.5
6952,1780.75
6953,1717.25
6954,1886.5
6955,2401
6956,2667.75
6957,2893.5
6958,2974.5
6959,2901.25
6960,2714.75
6961,2710.25
6962,2327
6963,1870.75
6964,1868.5
6965,1858.25
6966,2037
6967,2273.25
6968,2671
6969,2896
6970,2982.75
6971,2959.75
6972,2863
6973,2708
6974,2278.75
6975,1787.75
6976,1780.25
6977,1750.25
6978,1928
6979,2413
6980,2618.25
6981,2920.25
6982,2948.5
6983,2890
6984,2717.25
6985,2660.5
6986,2261.25
6987,1826.25
6988,1782
6989,1827.75
6990,2051.75
6991,2426
6992,2658
6993,2845.75
6994,3052
6995,2917
6996,2772.75
6997,2639.5
6998,2178.75
6999,1815.25
7000,1764
7001,1712.75
7002,2046
7003,2420.75
7004,2708
7005,2892.25
7006,2984.25
7007,2851
7008,2750.25
7009,2703.25
7010,2235.5
7011,1819.5
7012,1770.25
7013,1744.25
7014,2255.75
7015,2449.75
7016,2780
7017,3038.5
7018,3025.25
7019,2784.25
7020,2821.75
7021,2698.75
7022,2190.75
7023,1759.75
7024,1721.75
7025,1797.75
7026,2135.5
7027,2488
7028,2685.5
7029,2850.75
7030,2933.25
7031,2820.25
7032,2752
7033,2643.5
7034,2139.25
7035,1670.75
7036,1659.75
7037,1768.75
7038,2185
7039,2573.5
7040,2819.5
7041,2882.5
7042,2923
7043,2868.75
7044,2774
7045,2596.75
7046,2031.5
7047,1819.25
7048,1711.75
7049,1772.5
7050,2126
7051,2505.75
7052,2766.25
7053,2867.25
7054,2970.75
7055,2837.75
7056,2711.75
7057,2533.75
7058,1924.75
7059,1753
7060,1603.25
7061,1882
7062,2095.25
7063,2572
7064,2700
7065,2913
7066,2951.75
7067,2761.5
7068,2680.75
7069,2504.25
7070,1873.5
7071,1815
7072,1678.5
7073,1897.5
7074,2114.5
7075,2543
7076,2814.75
7077,2910.25
7078,2951.25
7079,2880.75
7080,2797.75
7081,2542
7082,1935.25
7083,1788.75
7084,1726.25
7085,1818.75
7086,2245
7087,2463
7088,2723
7089,2910.25
7090,2898.25
7091,2873.25
7092,2776.25
7093,2541.75
7094,1844
7095,1740.75
7096,1668
7097,1817.25
7098,2315.75
7099,2572
7100,2838.5
7101,2912.75
7102,2927
7103,2875.75
7104,2789
7105,2503.5
7106,1915
7107,1677.75
7108,1679.5
7109,1954
7110,2279.75
7111,2667.5
7112,3038.75
7113,3000.25
7114,2909.5
7115,2698.25
7116,2761.75
7117,2473.25
7118,1963.75
7119,1730.5
7120,1700.25
7121,1924.75
7122,2363.25
7123,2552.75
7124,2762
7125,2953.25
7126,2939
7127,2841.25
7128,2782.75
7129,2340
7130,1807.5
7131,1755
7132,1706.5
7133,1973
7134,2348
7135,2608.5
7136,2828.5
7137,2921.5
7138,2882.75
7139,2914.75
7140,2759.75
7141,2339.75
7142,1874.75
7143,1737
7144,1700.25
7145,1946
7146,2368.5
7147,2660.5
7148,2865.75
7149,2880.5
7150,2911.5
7151,2850
7152,2808.25
7153,2398.75
7154,1823.25
7155,1761.25
7156,1778
7157,1991.25
7158,2342
7159,2649.5
7160,2779.5
7161,2971.75
7162,2948.75
7163,2938.75
7164,2865
7165,2490.25
7166,1825.5
7167,1829.5
7168,1675.75
7169,2007.75
7170,2360.25
7171,2629.5
7172,2845
7173,2939.75
7174,2881
7175,2799.75
7176,2667.25
7177,2486.25
7178,1933.75
7179,1755.25
7180,1728.75
7181,2026.25
7182,2406
7183,2681
7184,2792.75
7185,2958.5
7186,2865
7187,2799.75
7188,2686
7189,2360.5
7190,1821.5
7191,1721.75
7192,1747.5
7193,1971.75
7194,2390.75
7195,2705
7196,2900
7197,3037.75
7198,2894.75
7199,2863.75
7200,2647
7201,2355.5
7202,1897.75
7203,1780.75
7204,1781.25
7205,2052.25
7206,2446.5
7207,2611
7208,2864
7209,2900.25
7210,2831
7211,2824.75
7212,2728.25
7213,2389.5
7214,1728.75
7215,1681.25
7216,1636.25
7217,1868.25
7218,2319.25
7219,2660.75
7220,2874
7221,2971.25
7222,2854.25
7223,2761
7224,2728
7225,2299.75
7226,1773.5
7227,1767.25
7228,1706.75
7229,2005.25
7230,2424
7231,2679
7232,2854.75
7233,2888.25
7234,2937.75
7235,2780
7236,2704
7237,2317
7238,1900.5
7239,1759.75
7240,1685.75
7241,2066
7242,2399.25
7243,2718.25
7244,2812.75
7245,2956.5
7246,2906.75
7247,2789.25
7248,2608
7249,2239.25
7250,1779
7251,1709.5
7252,1691
7253,1911
7254,2315.5
7255,2567.25
7256,2807
7257,2918.5
7258,2900.5
7259,2918.75
7260,2826.5
7261,2380.75
7262,1867
7263,1702.5
7264,1730.5
7265,2091.5
7266,2351.75
7267,2639.75
7268,2818
7269,2875.25
7270,2857.75
7271,2863.75
7272,2766
7273,2173.25
7274,1807
7275,1796
7276,1770.5
7277,2109.75
7278,2426.25
7279,2649.5
7280,2840.75
7281,2947.25
7282,2842
7283,2735.75
7284,2692
7285,2228
7286,1802.5
7287,1695.5
7288,1761.75
7289,2101.25
7290,2470.5
7291,2598.25
7292,2822.5
7293,3009
7294,2912
7295,2901.25
7296,2673
7297,2094.75
7298,1720.75
7299,1677.25
7300,1648.5
7301,1983.25
7302,2387
7303,2645
7304,2880.75
7305,2853.25
7306,2874.5
7307,2827
7308,2588.75
7309,2193.25
7310,1806
7311,1748.75
7312,1764.5
7313,2214.25
7314,2496.25
7315,2707.75
7316,2848.5
7317,2898.25
7318,2839.25
7319,2759.25
7320,2591.5
7321,2100.25
7322,1703.25
7323,1710.25
7324,1668.5
7325,2114
7326,2497
7327,2749
7328,2865.75
7329,3006
7330,2811.5
7331,2815.25
7332,2636
7333,2142.25
7334,1778.25
7335,1594.25
7336,1766.25
7337,2086
7338,2446.75
7339,2803.75
7340,2989
7341,2956.75
7342,2827.75
7343,2712.25
7344,2621.5
7345,2032.75
7346,1772.5
7347,1706.75
7348,1771.25
7349,2052
7350,2469
7351,2665.25
7352,2873.25
7353,2995.25
7354,2750.75
7355,2781
7356,2603.25
7357,2036.5
7358,1746.25
7359,1706.5
7360,1775
7361,1998.75
7362,2438.5
7363,2667.25
7364,2860.25
7365,2956.5
7366,2954
7367,2800.25
7368,2707.5
7369,2093.5
7370,1774.25
7371,1722.5
7372,1776
7373,2230.25
7374,2429.75
7375,2820
7376,2808.75
7377,2894.75
7378,2888
7379,2714
7380,2666
7381,2079.75
7382,1758
7383,1735.75
7384,1757.25
7385,2263.75
7386,2518.25
7387,2818
7388,2858.25
7389,2904.25
7390,2789.5
7391,2800.75
7392,2590
7393,1901
7394,1635.25
7395,1647.25
7396,1849.5
7397,2208
7398,2659.75
7399,2879
7400,3054.5
7401,2973.5
7402,2813.75
7403,2741
7404,2577.5
7405,1954
7406,1829
7407,1771.75
7408,1852.75
7409,2245
7410,2487
7411,2836.5
7412,2951
7413,2891.5
7414,2778.75
7415,2822.25
7416,2522.75
7417,1843.5
7418,1800
7419,1703
7420,1995.5
7421,2336
7422,2741.5
7423,2840.25
7424,2892
7425,2876
7426,2732
7427,2657.5
7428,2469.25
7429,1776.5
7430,1635.75
7431,1643.5
7432,1776.5
7433,2343.75
7434,2618.25
7435,2798.5
7436,2905
7437,2855
7438,2740.75
7439,2668.5
7440,2501.5
7441,1874.75
7442,1864
7443,1811
7444,1919.25
7445,2277
7446,2492.75
7447,2800.5
7448,3027
7449,2894
7450,2833.5
7451,2672.75
7452,2451.25
7453,1795.75
7454,1721.75
7455,1718.25
7456,1963.25
7457,2210.5
7458,2606
7459,2892.75
7460,2928.5
7461,2906.5
7462,2887
7463,2784
7464,2531.25
7465,1855.5
7466,1749
7467,1825.75
7468,2004.75
7469,2332.5
7470,2629
7471,2898.5
7472,2889
7473,2860
7474,2782
7475,2681.75
7476,2449.75
7477,1877.75
7478,1701.5
7479,1721.25
7480,2075.5
7481,2412.5
7482,2699.25
7483,2820.25
7484,2910.25
7485,2910.25
7486,2780.75
7487,2575.75
7488,2262
7489,1762
7490,1694
7491,1694
7492,1994
7493,2376.75
7494,2685.75
7495,2865
7496,2973.75
7497,2821.5
7498,2756.25
7499,2689.25
7500,2179.25
7501,1875
7502,1744.75
7503,1777.25
7504,2017
7505,2392.75
7506,2708.5
7507,3014.75
7508,2916
7509,2849.25
7510,2780
7511,2661
7512,2075.75
7513,1691
7514,1682.25
7515,1758.75
7516,2121
7517,2525.75
7518,2750.25
7519,2935.75
7520,2902.5
7521,2861.75
7522,2776.25
7523,2636
7524,2109.75
7525,1790.75
7526,1707.5
7527,1690
7528,2011.25
7529,2420.75
7530,2785.25
7531,3024.75
7532,3005.25
7533,2857.25
7534,2745
7535,2632
7536,2066
7537,1832.5
7538,1686.5
7539,1732.75
7540,2177
7541,2485.5
7542,2692.75
7543,2893
7544,2924.75
7545,2904.5
7546,2751.25
7547,2600.75
7548,2023.5
7549,1847
7550,1718
7551,1860.75
7552,2312.25
7553,2581.75
7554,2781.5
7555,2927.25
7556,2924.75
7557,2743.25
7558,2676.5
7559,2675.25
7560,1934.75
7561,1636
7562,1602
7563,1781
7564,2195.25
7565,2553
7566,2920.5
7567,2986
7568,2905
7569,2742
7570,2749.5
7571,2598
7572,1907
7573,1726.25
7574,1686.75
7575,1784.25
7576,2147.75
7577,2464
7578,2688.25
7579,2954.25
7580,2984.5
7581,2836.75
7582,2673.75
7583,2564.5
7584,1871.75
7585,1792.75
7586,1669.25
7587,1861.75
7588,2241.75
7589,2489.5
7590,2717.75
7591,2884.5
7592,2919
7593,2865.75
7594,2683.5
7595,2534.5
7596,1841.75
7597,1758.75
7598,1644.75
7599,1862
7600,2195.75
7601,2586.5
7602,2749.5
7603,2871.25
7604,2853.75
7605,2743.5
7606,2778.25
7607,2548.75
7608,1930.75
7609,1710.75
7610,1742.25
7611,1890
7612,2301.25
7613,2605.25
7614,2824.25
7615,2874.5
7616,2875.5
7617,2764
7618,2719.75
7619,2568
7620,1813.25
7621,1709.25
7622,1595.5
7623,1868.75
7624,2276.25
7625,2659.75
7626,2834.75
7627,2977.25
7628,2975.5
7629,2743.5
7630,2757.75
7631,2523
7632,1877.5
7633,1703.75
7634,1623.25
7635,1758.25
7636,2275.5
7637,2620.75
7638,2900.75
7639,2948.75
7640,2875.75
7641,2824.5
7642,2698.75
7643,2568.25
7644,1900.75
7645,1694
7646,1742.75
7647,1937
7648,2444.75
7649,2854.25
7650,2931.5
7651,3077.5
7652,2889.25
7653,2766.25
7654,2693.25
7655,2489
7656,1924.5
7657,1730.25
7658,1694.75
7659,1890.5
7660,2311
7661,2539.25
7662,2775
7663,2963
7664,2981.25
7665,2858.5
7666,2745.75
7667,2483.5
7668,1803.5
7669,1741.25
7670,1724.25
7671,1871.75
7672,2243.5
7673,2551.25
7674,2792.75
7675,2878.25
7676,2889.5
7677,2973.5
7678,2792.75
7679,2432
7680,1874.25
7681,1812
7682,1693.5
7683,1914.5
7684,2312.5
7685,2602.25
7686,2820.5
7687,2980.5
7688,2917.5
7689,2806
7690,2721.75
7691,2393.75
7692,1868.75
7693,1696.25
7694,1746
7695,2117.75
7696,2493.25
7697,2771
7698,2982
7699,3010.25
7700,2884
7701,2716.25
7702,2591.75
7703,2322.25
7704,1764.5
7705,1678
7706,1713.25
7707,1876
7708,2337
7709,2575.25
7710,2883
7711,3036.25
7712,2958.75
7713,2781
7714,2620
7715,2314
7716,1761.25
7717,1745.75
7718,1726.75
7719,1909.25
7720,2390.25
7721,2678.75
7722,2827.5
7723,2990.25
7724,2862.5
7725,2743
7726,2685.25
7727,2249.5
7728,1852.5
7729,1687.75
7730,1613.75
7731,2023.75
7732,2477.5
7733,2747.25
7734,2883.25
7735,3030.25
7736,2922.75
7737,2722.25
7738,2607.25
7739,2138.25
7740,1852.25
7741,1810.25
7742,1754.75
7743,2056.25
7744,2400.5
7745,2622.25
7746,2758.5
7747,2984.5
7748,2902.75
7749,2909.75
7750,2803
7751,2327.5
7752,1772.5
7753,1707
7754,1648.25
7755,2063.25
7756,2453.25
7757,2656.5
7758,2844.5
7759,2906
7760,2927.5
7761,2787.5
7762,2745.75
7763,2403.75
7764,1804
7765,1704.25
7766,1812
7767,2120.25
7768,2488.25
7769,2710.5
7770,2872
7771,2945.25
7772,2824
7773,2667
7774,2659.75
7775,2152.25
7776,1694.75
7777,1731.75
7778,1742
7779,2142.75
7780,2467
7781,2881.75
7782,3035.25
7783,3003
7784,2825.75
7785,2745.25
7786,2644.75
7787,2006
7788,1774.25
7789,1748
7790,1747.5
7791,2118.25
7792,2496.5
7793,2992.75
7794,2927.75
7795,2923.75
7796,2811.75
7797,2681
7798,2641.75
7799,1984
7800,1726.25
7801,1650
7802,1721.25
7803,2110.5
7804,2394.25
7805,2773.25
7806,2946.5
7807,3026
7808,2816
7809,2769.75
7810,2570.75
7811,1992.25
7812,1775.5
7813,1604.5
7814,1692
7815,2003.25
7816,2504.5
7817,2790.25
7818,3044
7819,3008.25
7820,2829.25
7821,2742.75
7822,2488.25
7823,2080
7824,1721.5
7825,1724.25
7826,1813
7827,2179.5
7828,2380.25
7829,2659.25
7830,2864.5
7831,2942.25
7832,2803.25
7833,2866.75
7834,2539
7835,1977.5
7836,1756.25
7837,1684.5
7838,1742.75
7839,2222.75
7840,2440
7841,2668
7842,2812.5
7843,2837.25
7844,2875.5
7845,2824.75
7846,2656.75
7847,2060.75
7848,1768.25
7849,1690.5
7850,1745.75
7851,2222.5
7852,2495
7853,2708.75
7854,2860.5
7855,2941.5
7856,2851.75
7857,2880.75
7858,2634.25
7859,1940.5
7860,1788.25
7861,1714.75
7862,1837
7863,2245
7864,2467
7865,2752.5
7866,2950.25
7867,2850.25
7868,2785.25
7869,2664.5
7870,2553.25
7871,1858
7872,1766
7873,1669
7874,1963
7875,2379.75
7876,2568.75
7877,2797
7878,2929.75
7879,2934
7880,2772
7881,2672
7882,2546.25
7883,1814.75
7884,1693.25
7885,1645.75
7886,1922
7887,2257.5
7888,2655.5
7889,2961
7890,3047.5
7891,2881
7892,2694
7893,2648.5
7894,2429.25
7895,1729.25
7896,1634.75
7897,1682.75
7898,1966.75
7899,2379.5
7900,2623.75
7901,2876
7902,2890.75
7903,2787.75
7904,2741.5
7905,2681.75
7906,2501.25
7907,1807.25
7908,1718.75
7909,1696.5
7910,1877
7911,2335.25
7912,2729.5
7913,2901
7914,2959.25
7915,2880.75
7916,2730
7917,2664.5
7918,2470.75
7919,1762
7920,1711
7921,1614.25
7922,1985.75
7923,2349.25
7924,2575.75
7925,2792.75
7926,2922.5
7927,2820.75
7928,2722
7929,2698.25
7930,2485.75
7931,1883.5
7932,1765.75
7933,1694.25
7934,1869.75
7935,2303
7936,2614
7937,2921.5
7938,2960.25
7939,2881.25
7940,2743.25
7941,2671.75
7942,2458
7943,1789.25
7944,1745
7945,1731.25
7946,1880
7947,2501.75
7948,2762.75
7949,2996.75
7950,3021
7951,2855
7952,2762
7953,2658.25
7954,2350.25
7955,1782.5
7956,1667.25
7957,1725
7958,1904
7959,2232.5
7960,2616
7961,2783
7962,3018
7963,3052
7964,2710.5
7965,2596
7966,2387
7967,1771.75
7968,1726
7969,1706.25
7970,1875.25
7971,2240.5
7972,2592.5
7973,2789.25
7974,2999.25
7975,2864.25
7976,2862.5
7977,2691
7978,2446.75
7979,1841
7980,1695.25
7981,1635
7982,1866.75
7983,2320.5
7984,2570.25
7985,2848
7986,2848
7987,2897.25
7988,2780.5
7989,2721
7990,2551
7991,1815.5
7992,1743.5
7993,1717.75
7994,1944
7995,2340.75
7996,2549
7997,2791.75
7998,2864.5
7999,2965.75
8000,2773.5
8001,2839.75
8002,2641.75
8003,1857.5
8004,1699.25
8005,1623.75
8006,1768.75
8007,2210
8008,2527.5
8009,2746
8010,2884
8011,2919
8012,2832.5
8013,2752.5
8014,2610
8015,1893
8016,1711.75
8017,1667
8018,1890.5
8019,2298
8020,2633.25
8021,2816.25
8022,2931.75
8023,2867.75
8024,2717.75
8025,2709
8026,2515
8027,1853.5
8028,1735.5
8029,1691
8030,2004.75
8031,2323.5
8032,2685.25
8033,2836.25
8034,2863
8035,2885.75
8036,2702
8037,2590.5
8038,2368.25
8039,1729.25
8040,1667.75
8041,1725.25
8042,1931.5
8043,2492.25
8044,2724.5
8045,2922.5
8046,2932.25
8047,2802.75
8048,2691.5
8049,2595.5
8050,2398.5
8051,1757.5
8052,1599
8053,1663.5
8054,1997
8055,2436.5
8056,2602.75
8057,2866.25
8058,2941
8059,2846
8060,2745.25
8061,2580.5
8062,2364
8063,1843.75
8064,1734.75
8065,1694.25
8066,1961
8067,2364.75
8068,2625.5
8069,2794.25
8070,2836
8071,2818.5
8072,2758
8073,2504.5
8074,2314.75
8075,1706.75
8076,1659
8077,1736.5
8078,2005
8079,2350.25
8080,2669.5
8081,2858
8082,2932.25
8083,2780.25
8084,2750
8085,2590
8086,2302
8087,1724
8088,1627.25
8089,1656.5
8090,2038
8091,2386.5
8092,2661.5
8093,2856.75
8094,2857.75
8095,2816.5
8096,2722.25
8097,2694.75
8098,2220.75
8099,1869.75
8100,1707.75
8101,1758.75
8102,2035.75
8103,2433
8104,2646
8105,2835.5
8106,2882.5
8107,2789.5
8108,2584.25
8109,2579.25
8110,2132.25
8111,1724.5
8112,1675.75
8113,1731.5
8114,2113
8115,2481.75
8116,2746
8117,2834
8118,2874.75
8119,2848.25
8120,2823.5
8121,2693.75
8122,2195
8123,1773
8124,1783.5
8125,1713.5
8126,2045
8127,2438
8128,2750.25
8129,2800.5
8130,2822.75
8131,2770.25
8132,2765.75
8133,2658.75
8134,2259.75
8135,1718.25
8136,1695.5
8137,1669.5
8138,2032
8139,2443.25
8140,2621
8141,2812.25
8142,2801
8143,2796.5
8144,2760.5
8145,2617.75
8146,2279.25
8147,1700
8148,1684.5
8149,1735.25
8150,2035.75
8151,2362.5
8152,2631.75
8153,2882
8154,2874.5
8155,2811
8156,2747.75
8157,2596.75
8158,2093.75
8159,1746.75
8160,1708.75
8161,1691
8162,2056.25
8163,2468.75
8164,2809.75
8165,2938.25
8166,2962.25
8167,2799
8168,2755.25
8169,2521.25
8170,2124.25
8171,1696.75
8172,1662
8173,1701.5
8174,1971.25
8175,2374.5
8176,2712.25
8177,2803.25
8178,2986.5
8179,2872.5
8180,2618.75
8181,2530.75
8182,2058.75
8183,1759.5
8184,1730.5
8185,1750
8186,2044.5
8187,2285.5
8188,2691.25
8189,2897.25
8190,2973
8191,2888.75
8192,2758.5
8193,2539.25
8194,1962.25
8195,1697.5
8196,1673.25
8197,1733.5
8198,2246.25
8199,2520
8200,2604.75
8201,2894.75
8202,2955.25
8203,2888
8204,2854.25
8205,2665.5
8206,1904.25
8207,1625
8208,1661.75
8209,1781.5
8210,2113
8211,2487.75
8212,2743.75
8213,2908
8214,2895.25
8215,2904
8216,2727.75
8217,2588.5
8218,1945
8219,1789.75
8220,1729.25
8221,1758.25
8222,2216.25
8223,2573.75
8224,2751.75
8225,2840.5
8226,2869
8227,2772.5
8228,2803.25
8229,2637
8230,1930.75
8231,1806.5
8232,1643.5
8233,1808.5
8234,2175.25
8235,2596.25
8236,2610.5
8237,2927.5
8238,2915.5
8239,2884.75
8240,2771.25
8241,2597
8242,1924.25
8243,1744
8244,1651.25
8245,1783.5
8246,2262.75
8247,2482.75
8248,2653.25
8249,2811.25
8250,2863
8251,2883.25
8252,2859.25
8253,2609.75
8254,1914
8255,1820.5
8256,1671.5
8257,1861.25
8258,2298
8259,2526.75
8260,2732.25
8261,2843
8262,2881
8263,2867
8264,2833.25
8265,2580.25
8266,1815.75
8267,1729.25
8268,1654
8269,1861.75
8270,2281.25
8271,2577.25
8272,2809.75
8273,2892.5
8274,2800.75
8275,2785
8276,2646
8277,2446.75
8278,1873.5
8279,1765.25
8280,1855.25
8281,2003.5
8282,2382.75
8283,2625.75
8284,2835
8285,2991
8286,2859
8287,2734.25
8288,2682.5
8289,2363
8290,1794.25
8291,1662
8292,1731.25
8293,2026.75
8294,2345.75
8295,2610.75
8296,2877
8297,2931.25
8298,2845.5
8299,2769.25
8300,2681.5
8301,2291.25
8302,1728
8303,1680.5
8304,1729.25
8305,1957.25
8306,2348.25
8307,2612
8308,2849.75
8309,2935.25
8310,2864.25
8311,2787.75
8312,2654.25
8313,2128.75
8314,1729
8315,1758.25
8316,1634.25
8317,2031.75
8318,2408.25
8319,2752.5
8320,2930
8321,2957.75
8322,2753.25
8323,2690
8324,2580.25
8325,2048.75
8326,1718
8327,1626
8328,1655.5
8329,2066.5
8330,2590.25
8331,2722.25
8332,2977.25
8333,2876
8334,2812.75
8335,2714.25
8336,2559.75
8337,1885.5
8338,1678.5
8339,1697.5
8340,1753.5
8341,2216
8342,2521.75
8343,2829
8344,2901.75
8345,2967
8346,2759.25
8347,2709.25
8348,2620.25
8349,2085
8350,1688.75
8351,1652.25
8352,1698.5
8353,2206.25
8354,2511
8355,2928.5
8356,2977.75
8357,2919.5
8358,2794.25
8359,2690.5
8360,2572.5
8361,1944.75
8362,1734.25
8363,1617.5
8364,1765.25
8365,2180
8366,2643.75
8367,2860.75
8368,3097.75
8369,2973.25
8370,2717.25
8371,2705.5
8372,2559.25
8373,1935.5
8374,1689.25
8375,1572
8376,1860.5
8377,2250.25
8378,2620.5
8379,2935.75
8380,3079.25
8381,3037.75
8382,2788.5
8383,2661.25
8384,2537.5
8385,1874.75
8386,1811
8387,1704.5
8388,1934.75
8389,2215.75
8390,2561.75
8391,2742.25
8392,2962.5
8393,2909.25
8394,2787
8395,2674.5
8396,2504
8397,1825.5
8398,1756.75
8399,1709.5
8400,1906
8401,2311.75
8402,2617.25
8403,2827.75
8404,2837.75
8405,2895
8406,2867.75
8407,2804.25
8408,2573
8409,1824.75
8410,1737.75
8411,1754.75
8412,1972
8413,2260.5
8414,2546.75
8415,2781.25
8416,2850.25
8417,2857.25
8418,2819.75
8419,2712.5
8420,2459
8421,1743.25
8422,1664.75
8423,1617
8424,1963.5
8425,2324.25
8426,2669.75
8427,2865.25
8428,2937.5
8429,2905
8430,2807.25
8431,2791.25
8432,2496.25
8433,1812.5
8434,1727.25
8435,1674.75
8436,1967
8437,2390.5
8438,2514.25
8439,2804.5
8440,2977.25
8441,2869
8442,2785
8443,2615
8444,2312.25
8445,1808
8446,1757
8447,1630.5
8448,1903.75
8449,2353.25
8450,2634.5
8451,2842.75
8452,2961.75
8453,2776
8454,2752.25
8455,2732.75
8456,2358.5
8457,1778.5
8458,1711.25
8459,1782
8460,2078.25
8461,2545.5
8462,2685.5
8463,2923
8464,3002.5
8465,2850
8466,2774.75
8467,2640.25
8468,2287.75
8469,1823.5
8470,1711.5
8471,1696.5
8472,1884.25
8473,2346.75
8474,2636
8475,2882
8476,3014
8477,2904.75
8478,2737
8479,2640.75
8480,2306
8481,1859.75
8482,1747
8483,1678.5
8484,1927.25
8485,2383.25
8486,2539
8487,2901.5
8488,2882
8489,2893.25
8490,2689.5
8491,2665.75
8492,2394.75
8493,1814.5
8494,1733
8495,1693
8496,1930.5
8497,2338.5
8498,2719.5
8499,2758.5
8500,2956.75
8501,2945.75
8502,2749.5
8503,2619.5
8504,2352.25
8505,1793.5
8506,1725.25
8507,1729.75
8508,2010.75
8509,2307.5
8510,2684.5
8511,2846.25
8512,2937.5
8513,2799.25
8514,2683.25
8515,2719.75
8516,2254
8517,1810.25
8518,1753
8519,1734.25
8520,1974
8521,2423.25
8522,2715.5
8523,2872.5
8524,2902.25
8525,2830
8526,2719
8527,2634.25
8528,2292
8529,1782.75
8530,1680.75
8531,1598.5
8532,2005.5
8533,2273.75
8534,2644.25
8535,2865.75
8536,3074.75
8537,2871.75
8538,2755.5
8539,2551
8540,2128.5
8541,1727
8542,1604
8543,1659.5
8544,2014.75
8545,2430
8546,2647.25
8547,2956.5
8548,3041
8549,2802.5
8550,2670
8551,2647
8552,2090.75
8553,1778
8554,1747.5
8555,1738.75
8556,2162.25
8557,2440.5
8558,2729.75
8559,2885.25
8560,2919.75
8561,2818.75
8562,2676.25
8563,2580.75
8564,2133.75
8565,1751
8566,1635.5
8567,1703
8568,2124.25
8569,2435.5
8570,2757.25
8571,2906.75
8572,2904.75
8573,2827
8574,2708.25
8575,2539.75
8576,1939.5
8577,1673
8578,1709.5
8579,1732
8580,2071.25
8581,2550
8582,2761
8583,2970.5
8584,2926.75
8585,2743
8586,2729.75
8587,2581.5
8588,1913.5
8589,1738
8590,1665.25
8591,1719.5
8592,2098
8593,2601.75
8594,2781.5
8595,2922.5
8596,2872.25
8597,2809.75
8598,2643.75
8599,2582.5
8600,1975.75
8601,1679.75
8602,1680
8603,1743.25
8604,2137.25
8605,2525
8606,2798
8607,2907.25
8608,2910
8609,2854.5
8610,2781.25
8611,2589
8612,2109.25
8613,1746.75
8614,1718.5
8615,1662.75
8616,2109.5
8617,2431.25
8618,2647.25
8619,2696.5
8620,2910.75
8621,2814
8622,2829.25
8623,2732.75
8624,2073.25
8625,1742.75
8626,1698.75
8627,1750.75
8628,2082
8629,2429.75
8630,2697.5
8631,2901.5
8632,3039.25
8633,2858.75
8634,2699
8635,2575.75
8636,2013.75
8637,1780.75
8638,1710.25
8639,1757.75
8640,2117.5
8641,2392.5
8642,2718
8643,2770
8644,2885
8645,2779.75
8646,2681
8647,2650.5
8648,2113.5
8649,1743.75
8650,1611
8651,1714.5
8652,2031.75
8653,2368.75
8654,2765
8655,2883.25
8656,2838.75
8657,2744.5
8658,2774.75
8659,2678
8660,1996.25
8661,1654.75
8662,1674
8663,1702.75
8664,2170.5
8665,2431.5
8666,2690
8667,2884.75
8668,2882
8669,2766.5
8670,2640.75
8671,2609.75
8672,1908.5
8673,1748
8674,1593.25
8675,1693.5
8676,2252.25
8677,2596.25
8678,2870.75
8679,2995
8680,2936
8681,2850.5
8682,2676.25
8683,2580.75
8684,1922
8685,1593.25
8686,1627.75
8687,1734.25
8688,2195.75
8689,2623.25
8690,2763.75
8691,3048.75
8692,2945.25
8693,2711
8694,2667.5
8695,2613.25
8696,2005
8697,1763
8698,1715.75
8699,1757.75
8700,2298.25
8701,2526.75
8702,2750
8703,2939.25
8704,2921.25
8705,2815
8706,2572.5
8707,2489
8708,1948
8709,1633
8710,1714.75
8711,1747
8712,2247.25
8713,2541.75
8714,2771.5
8715,2939.25
8716,2866.5
8717,2750.25
8718,2660.5
8719,2541.5
8720,1890.25
8721,1711.75
8722,1689.5
8723,1722.25
8724,1948.5
8725,2553.25
8726,2722
8727,2958.25
8728,2929.75
8729,2794
8730,2697.5
8731,2468
8732,1860
8733,1726
8734,1687.75
8735,1914.75
8736,2279.75
8737,2649.5
8738,2787.5
8739,2913.5
8740,2907.75
8741,2763
8742,2665.5
8743,2546.25
8744,1934.75
8745,1611.25
8746,1574.5
8747,1746
8748,2230.5
8749,2567
8750,2883.25
8751,3001.25
8752,2916.75
8753,2670.25
8754,2640.75
8755,2536.25
8756,1865
8757,1760.25
8758,1608
8759,1756
8760,2277.75
8761,2520.5
8762,2715
8763,2897
8764,2919
8765,2680.25
8766,2587.25
8767,2432.75
8768,1898.5
8769,1684.75
8770,1681.5
8771,1859.75
8772,2298.5
8773,2552
8774,2835.25
8775,2955.5
8776,2839
8777,2746.75
8778,2702.75
8779,2428
8780,1837.25
8781,1663
8782,1617.5
8783,1740.25
8784,2237.5
8785,2675.5
8786,2881.75
8787,2969.5
8788,2798.75
8789,2660.5
8790,2657
8791,2499.5
8792,1776
8793,1675.5
8794,1591.25
8795,1743.5
8796,2161.75
8797,2642
8798,2721
8799,2923.75
8800,2866.5
8801,2735.5
8802,2580.5
8803,2462.25
8804,1768.75
8805,1731
8806,1550.5
8807,1760.75
8808,2291.75
8809,2610.5
8810,2756.25
8811,3034.25
8812,2927
8813,2747.75
8814,2640
8815,2464.25
8816,1951.25
8817,1753.75
8818,1669
8819,1785.5
8820,2267.25
8821,2575.25
8822,2717
8823,2918.5
8824,2962.5
8825,2878.75
8826,2783.75
8827,2565
8828,1852
8829,1711.75
8830,1661
8831,1770
8832,2290.75
8833,2479.5
8834,2756.75
8835,2926.5
8836,2796.5
8837,2717
8838,2637.5
8839,2598.25
8840,1813.75
8841,1680.5
8842,1586.75
8843,1808
8844,2203.75
8845,2632.5
8846,2759
8847,2897.25
8848,2846.75
8849,2681.5
8850,2678.75
8851,2529.5
8852,1884.75
8853,1692.25
8854,1696.75
8855,1849
8856,2321.25
8857,2542.75
8858,2762.25
8859,2909
8860,2855.75
8861,2792.25
8862,2674.5
8863,2569.75
8864,1820.5
8865,1630.75
8866,1609
8867,1689
8868,2301.25
8869,2446.25
8870,2785.25
8871,2945
8872,2972.75
8873,2795.25
8874,2686.75
8875,2524.25
8876,1814.5
8877,1659
8878,1594
8879,1781.75
8880,2235.5
8881,2620
8882,2805.5
8883,2876.75
8884,2867.75
8885,2707.75
8886,2592.25
8887,2524.25
8888,1730.5
8889,1614.25
8890,1640.75
8891,1779.5
8892,2282.25
8893,2557.25
8894,2798.25
8895,2858
8896,2823
8897,2716.5
8898,2574.75
8899,2395.25
8900,1704
8901,1789.5
8902,1630.5
8903,1882.75
8904,2287.25
8905,2778.5
8906,2832
8907,3036.5
8908,2863.75
8909,2759.25
8910,2654.75
8911,2443.25
8912,1796.5
8913,1788.5
8914,1693.75
8915,1830.75
8916,2097.25
8917,2541
8918,2803.75
8919,2999.25
8920,2920.25
8921,2761.75
8922,2668.5
8923,2453.75
8924,1856.5
8925,1745
8926,1671.25
8927,1771.25
8928,2252
8929,2512
8930,2808
8931,2817.75
8932,2876
8933,2809.75
8934,2844.75
8935,2558.25
8936,1912
8937,1737.25
8938,1662.25
8939,1759.75
8940,2249.25
8941,2548.25
8942,2650.75
8943,2867.25
8944,2884.75
8945,2779.75
8946,2658
8947,2525.25
8948,1841.75
8949,1708
8950,1637.25
8951,1841.75
8952,2304.5
8953,2534
8954,2656.25
8955,2846.75
8956,2808
8957,2739.75
8958,2682.25
8959,2593.5
8960,1831.5
8961,1736.75
8962,1632.25
8963,1930
8964,2314.5
8965,2618.25
8966,2820.5
8967,2930
8968,2808.5
8969,2739.75
8970,2627
8971,2470.75
8972,1826.5
8973,1680.75
8974,1734.25
8975,1924.25
8976,2335.5
8977,2596.5
8978,2767.5
8979,2920.5
8980,2813
8981,2888.5
8982,2747
8983,2500.25
8984,1690.25
8985,1687
8986,1636.25
8987,1867.5
8988,2395
8989,2532.75
8990,2770.75
8991,2823.75
8992,2736.5
8993,2691.75
8994,2736.5
8995,2392.25
8996,1847
8997,1706.25
8998,1700.75
8999,1922.25
9000,2360.25
9001,2584.25
9002,2769.5
9003,2920.25
9004,2887
9005,2689.75
9006,2613.25
9007,2323.75
9008,1814.75
9009,1731
9010,1670.25
9011,1894.5
9012,2305.25
9013,2656
9014,2788.25
9015,2877
9016,2760.5
9017,2703.5
9018,2563.75
9019,2342.5
9020,1780.25
9021,1690.25
9022,1740
9023,1910.75
9024,2462.25
9025,2842.5
9026,2882
9027,3066.25
9028,2850.75
9029,2791
9030,2638.25
9031,2308.5
9032,1761.5
9033,1587.5
9034,1677
9035,1950
9036,2530.5
9037,2750
9038,2924.75
9039,2976
9040,2810.25
9041,2687.5
9042,2608
9043,2040.5
9044,1738.5
9045,1744.25
9046,1702.5
9047,1874
9048,2420
9049,2642.5
9050,2844.75
9051,2961
9052,2896
9053,2788.75
9054,2606.5
9055,2268
9056,1755
9057,1628.25
9058,1643.25
9059,1948
9060,2365.5
9061,2625.75
9062,2824
9063,2906
9064,2791.5
9065,2698.5
9066,2648.5
9067,2276.75
9068,1753.25
9069,1731.75
9070,1664.25
9071,1910.5
9072,2419.25
9073,2669.5
9074,2774.5
9075,2956.25
9076,3011.25
9077,2898
9078,2719.75
9079,2192
9080,1768.75
9081,1693.5
9082,1678.5
9083,2002.25
9084,2448
9085,2665.25
9086,2792
9087,2949.5
9088,2722
9089,2667.5
9090,2595.75
9091,2336.5
9092,1740.75
9093,1729.75
9094,1676
9095,2081.75
9096,2397.5
9097,2657.25
9098,2899.5
9099,2932.75
9100,2762
9101,2729.5
9102,2724.75
9103,2274.25
9104,1780.25
9105,1670
9106,1662
9107,1914.5
9108,2341.25
9109,2775.5
9110,2800.5
9111,2906.5
9112,2841
9113,2745.25
9114,2557.5
9115,2237.75
9116,1714.5
9117,1656.75
9118,1625
9119,1991
9120,2443
9121,2701.5
9122,2807.5
9123,2871.5
9124,2746
9125,2704.5
9126,2646
9127,2141.25
9128,1685.5
9129,1646.25
9130,1669.75
9131,2044.5
9132,2447.25
9133,2719
9134,2881
9135,2973
9136,2730
9137,2703
9138,2618.75
9139,2313.25
9140,1845.75
9141,1680.25
9142,1692.25
9143,2020
9144,2368.5
9145,2676.25
9146,2925.25
9147,2969.25
9148,2869.25
9149,2725
9150,2557
9151,2260.75
9152,1781.75
9153,1717.5
9154,1605.75
9155,1938.25
9156,2279.5
9157,2622.25
9158,2934.75
9159,3047
9160,2933.25
9161,2673.5
9162,2590
9163,2277.25
9164,1835
9165,1687.75
9166,1643.25
9167,1860.75
9168,2389
9169,2643.5
9170,2972.75
9171,3055.25
9172,2929
9173,2742.5
9174,2607.75
9175,2289.5
9176,1844
9177,1734.5
9178,1684
9179,1858
9180,2342.75
9181,2633.5
9182,2873.75
9183,2873.5
9184,2970.25
9185,2690
9186,2603.75
9187,2390.25
9188,1848.5
9189,1752.75
9190,1646.5
9191,1872
9192,2294.25
9193,2510.75
9194,2882.75
9195,2960
9196,2895.75
9197,2765
9198,2651
9199,2366.5
9200,1858
9201,1733.5
9202,1744.75
9203,1946
9204,2396.75
9205,2644.75
9206,2757
9207,2917.75
9208,2922.75
9209,2762.5
9210,2621
9211,2414.75
9212,1883.5
9213,1611.25
9214,1632.5
9215,1961.5
9216,2305.25
9217,2676.5
9218,2838
9219,2941.25
9220,2866.5
9221,2668.5
9222,2589.5
9223,2489.75
9224,1810
9225,1822.5
9226,1698
9227,2056.25
9228,2578.75
9229,2765
9230,2984
9231,2937.75
9232,2887
9233,2772
9234,2623.25
9235,2394.25
9236,1784
9237,1759.75
9238,1751.75
9239,2007.5
9240,2328.75
9241,2696.75
9242,2958.5
9243,3086.5
9244,2820
9245,2729.5
9246,2608.5
9247,2386.75
9248,1777.5
9249,1808.75
9250,1619.75
9251,1975.5
9252,2351.25
9253,2633
9254,2774.5
9255,2962.5
9256,2952.25
9257,2700
9258,2625.25
9259,2359.5
9260,1781.25
9261,1737.75
9262,1706.5
9263,1956
9264,2574.5
9265,2811.75
9266,2943.5
9267,2894.75
9268,2872
9269,2684.5
9270,2602.75
9271,2440.75
9272,1828.75
9273,1744.25
9274,1635.75
9275,1828.75
9276,2300
9277,2563.5
9278,2742.75
9279,2926.5
9280,2891.75
9281,2709.25
9282,2644.5
9283,2275.25
9284,1879.5
9285,1761.25
9286,1691
9287,1884.5
9288,2277.25
9289,2630.25
9290,2841
9291,2892.75
9292,2774.25
9293,2818.25
9294,2795.5
9295,2520
9296,1783.5
9297,1717
9298,1663
9299,1861.5
9300,2388.75
9301,2583.75
9302,2789.5
9303,2963.5
9304,2744.75
9305,2770.25
9306,2778.25
9307,2586.25
9308,1943.5
9309,1735.25
9310,1675
9311,1833
9312,2344.75
9313,2614.5
9314,2887.5
9315,2940.75
9316,2819.5
9317,2692.25
9318,2642.25
9319,2562.75
9320,1926.5
9321,1752
9322,1708
9323,1919.75
9324,2338.5
9325,2580.75
9326,2764
9327,2880.25
9328,2831.75
9329,2767.25
9330,2664.25
9331,2477
9332,1795.25
9333,1710.5
9334,1648
9335,1931.5
9336,2314.25
9337,2607.75
9338,3003
9339,3036.75
9340,2867.5
9341,2761.25
9342,2679.5
9343,2391.75
9344,1889.25
9345,1648.5
9346,1644.75
9347,1966.5
9348,2623.25
9349,2722.75
9350,2833
9351,2924.25
9352,2812.5
9353,2710.5
9354,2586.25
9355,2415.75
9356,1849.75
9357,1717.5
9358,1718.25
9359,1757
9360,2438.25
9361,2664
9362,2907.5
9363,3033.5
9364,2922.5
9365,2713
9366,2590.5
9367,2494.75
9368,1838
9369,1838.5
9370,1673.75
9371,1883
9372,2356
9373,2565.75
9374,2792
9375,2908
9376,2858.75
9377,2725
9378,2690.5
9379,2480
9380,1924.75
9381,1782
9382,1723.75
9383,1885.75
9384,2337
9385,2612
9386,2772
9387,2832.75
9388,2725.25
9389,2693.75
9390,2673.25
9391,2617
9392,1815.25
9393,1705.25
9394,1700.25
9395,1986.25
9396,2323.25
9397,2610
9398,2803.5
9399,2978.25
9400,2766.5
9401,2700.25
9402,2577.5
9403,2478.25
9404,1914.5
9405,1702
9406,1621.25
9407,1976.75
9408,2283
9409,2694.5
9410,2885
9411,2931.75
9412,2873
9413,2683
9414,2602.25
9415,2499.5
9416,1993.75
9417,1663.5
9418,1708.75
9419,1911.75
9420,2350.75
9421,2594.5
9422,2766.5
9423,2883
9424,2874.5
9425,2735
9426,2633.25
9427,2510
9428,1810.75
9429,1794.75
9430,1621.5
9431,1767.5
9432,2200.5
9433,2656.5
9434,2848
9435,2989.75
9436,2905.5
9437,2776.25
9438,2637.5
9439,2582.75
9440,1926.5
9441,1692
9442,1632
9443,1810.75
9444,2045
9445,2516
9446,2743.25
9447,2953.5
9448,2940
9449,2794.5
9450,2709
9451,2549.75
9452,1969.5
9453,1748.5
9454,1628.75
9455,1788.75
9456,2171.5
9457,2456
9458,2813.5
9459,2970.5
9460,3041.25
9461,2799.75
9462,2643.75
9463,2520
9464,1948.25
9465,1761.5
9466,1624.75
9467,1800
9468,2278
9469,2589
9470,2974
9471,3092.25
9472,2988.5
9473,2818.75
9474,2700.75
9475,2529
9476,1933.5
9477,1811.75
9478,1776.5
9479,1816
9480,2177.5
9481,2506.5
9482,2798.25
9483,2834.5
9484,2882
9485,2765.75
9486,2822
9487,2650.25
9488,1964.5
9489,1714.75
9490,1668.25
9491,1736.75
9492,2253.75
9493,2492.25
9494,2802.75
9495,2860.75
9496,2803.75
9497,2777.75
9498,2742.75
9499,2606.5
9500,1966.75
9501,1739.5
9502,1692.75
9503,1835
9504,2237.5
9505,2595
9506,2819
9507,2922.5
9508,3015.75
9509,2867.25
9510,2653.5
9511,2538
9512,1932
9513,1670
9514,1664.5
9515,1764.75
9516,2117.5
9517,2535
9518,2724.75
9519,2914.75
9520,2983.25
9521,2813
9522,2663.75
9523,2471.75
9524,1920.75
9525,1841
9526,1697.25
9527,1806.25
9528,2290.25
9529,2433.25
9530,2711.25
9531,2897.5
9532,2918.5
9533,2816.75
9534,2664
9535,2550
9536,1921.75
9537,1728.5
9538,1746
9539,1823.75
9540,2107.5
9541,2447.75
9542,2722.25
9543,2982.25
9544,2904.25
9545,2862.25
9546,2753
9547,2609
9548,1951.75
9549,1773.5
9550,1730.75
9551,1778.5
9552,2269.25
9553,2593.75
9554,3018.75
9555,3007.75
9556,2949.5
9557,2671.25
9558,2636.25
9559,2528.5
9560,2051
9561,1790.5
9562,1659.25
9563,1757.75
9564,2184
9565,2529.5
9566,2810
9567,3119.25
9568,2953.75
9569,2749
9570,2671
9571,2532.75
9572,2100.75
9573,1707.5
9574,1636.25
9575,1728.75
9576,2159.25
9577,2641
9578,2901.5
9579,3115.5
9580,2962.5
9581,2685
9582,2661
9583,2604
9584,1949.75
9585,1770.75
9586,1804.5
9587,1781.75
9588,2209.5
9589,2607
9590,2911
9591,3044.75
9592,2951.75
9593,2779.25
9594,2628.5
9595,2517.5
9596,1932.5
9597,1767.5
9598,1654.25
9599,1721
9600,2072.75
9601,2502.5
9602,2717.25
9603,2796.25
9604,2911
9605,2845.75
9606,2699.75
9607,2629.75
9608,1975.5
9609,1710.5
9610,1722.25
9611,1823
9612,2162.25
9613,2436
9614,2655.75
9615,2864.75
9616,2865.5
9617,2866.5
9618,2710.75
9619,2481.5
9620,1974.75
9621,1748.5
9622,1644.25
9623,1742.5
9624,2170
9625,2504
9626,2979.75
9627,3167
9628,3022.5
9629,2857
9630,2665.5
9631,2478.75
9632,1995.5
9633,1791.25
9634,1711
9635,1838.75
9636,2223.75
9637,2645.25
9638,2861.5
9639,2979.75
9640,2844.75
9641,2714.5
9642,2681.25
9643,2543.75
9644,2012.25
9645,1743.5
9646,1766.75
9647,1822
9648,2202.75
9649,2540
9650,2686.75
9651,2849.5
9652,2948
9653,2813
9654,2702
9655,2589.25
9656,1938.5
9657,1688
9658,1637.5
9659,1824.25
9660,2032.75
9661,2545.25
9662,2653.25
9663,2871.5
9664,2892.75
9665,2806.75
9666,2664.75
9667,2548
9668,2045.25
9669,1763.5
9670,1695.25
9671,1754.5
9672,2100.5
9673,2412.75
9674,2756.25
9675,2776
9676,2836.5
9677,2743.75
9678,2783.75
9679,2626.75
9680,2032.75
9681,1767.75
9682,1652
9683,1820
9684,2226.75
9685,2553.25
9686,2782.75
9687,2867.75
9688,2935.75
9689,2716.5
9690,2732.5
9691,2581
9692,2030.5
9693,1706
9694,1606
9695,1766.5
9696,2207.25
9697,2620.75
9698,2809
9699,2929
9700,2831
9701,2711.5
9702,2662.75
9703,2559.25
9704,1860.5
9705,1668
9706,1641.75
9707,1793.5
9708,2352.5
9709,2596.25
9710,2810.75
9711,2762
9712,2781.5
9713,2777
9714,2717.75
9715,2544
9716,1855.75
9717,1636
9718,1662.5
9719,1778
9720,2301.5
9721,2626
9722,2792.75
9723,2977.25
9724,2853.5
9725,2774.25
9726,2664
9727,2469.25
9728,1793
9729,1756.5
9730,1691.25
9731,1884.75
9732,2292.5
9733,2539.25
9734,2875.75
9735,2990.75
9736,2834.75
9737,2698.25
9738,2668
9739,2542.25
9740,1895
9741,1723.25
9742,1690.75
9743,1889.25
9744,2372.5
9745,2565
9746,2799.75
9747,2894
9748,2793
9749,2753
9750,2685
9751,2604.5
9752,2015.5
9753,1744
9754,1629.75
9755,1811.5
9756,2145.75
9757,2538.5
9758,2761
9759,2855
9760,2877.25
9761,2749.25
9762,2743.75
9763,2523.75
9764,1948
9765,1720.25
9766,1739
9767,1841
9768,2215
9769,2589.5
9770,2737
9771,2899.75
9772,2810
9773,2790.25
9774,2573.5
9775,2582
9776,2054.25
9777,1777
9778,1710.25
9779,1810
9780,2148.5
9781,2493
9782,2765
9783,2817.5
9784,2896.5
9785,2703.5
9786,2743.25
9787,2521.75
9788,1957.5
9789,1604.25
9790,1667.25
9791,1675.25
9792,2180.25
9793,2580.25
9794,2852.75
9795,2997.5
9796,2848.75
9797,2724.25
9798,2592.75
9799,2523.5
9800,1976.5
9801,1782
9802,1672.75
9803,1668.5
9804,2185.5
9805,2442
9806,2682.75
9807,2787.75
9808,2824.25
9809,2760.5
9810,2614.5
9811,2564
9812,2034
9813,1738.75
9814,1644.5
9815,1735
9816,2076
9817,2484.25
9818,2728
9819,2762.75
9820,2809
9821,2722.75
9822,2674.5
9823,2549.5
9824,2025.5
9825,1669.25
9826,1673.25
9827,1773.5
9828,2120.5
9829,2616.75
9830,2761.5
9831,2887.25
9832,2970.25
9833,2763.75
9834,2633
9835,2592.5
9836,2004.25
9837,1710
9838,1702.25
9839,1768
9840,2147.75
9841,2464.75
9842,2747.75
9843,2888
9844,2935.5
9845,2777.75
9846,2703.25
9847,2552.25
9848,2103.75
9849,1697
9850,1661.5
9851,1669.5
9852,1981.75
9853,2476.5
9854,2710.75
9855,2897.5
9856,2942.25
9857,2801
9858,2666.5
9859,2603.5
9860,2178
9861,1731.75
9862,1673.25
9863,1657
9864,1995.25
9865,2555.5
9866,2633.75
9867,2928.75
9868,3063.25
9869,2876
9870,2592.5
9871,2611.5
9872,2160.5
9873,1782.5
9874,1691
9875,1660.25
9876,2023.5
9877,2445.5
9878,2694.75
9879,2924.5
9880,2881
9881,2718
9882,2657.25
9883,2660.75
9884,2177.5
9885,1741.25
9886,1677
9887,1667.75
9888,1961.5
9889,2422
9890,2563
9891,2884.5
9892,2923.5
9893,2883.75
9894,2742.75
9895,2619
9896,2012.5
9897,1741.5
9898,1599.25
9899,1719.5
9900,2103.25
9901,2372
9902,2702
9903,2760.5
9904,2948.25
9905,2864.5
9906,2688.5
9907,2649.5
9908,2174.25
9909,1766.5
9910,1689
9911,1720.75
9912,2124.5
9913,2449.25
9914,2721.25
9915,2883.25
9916,2918.25
9917,2798
9918,2727.25
9919,2587.25
9920,2075.5
9921,1737.75
9922,1717.25
9923,1772
9924,2260.5
9925,2657.75
9926,2830.75
9927,2901.5
9928,2961
9929,2746.5
9930,2644.25
9931,2511.75
9932,2029
9933,1668
9934,1786
9935,1760
9936,2228.25
9937,2489
9938,2781.5
9939,2937.75
9940,2965.5
9941,2802.5
9942,2649
9943,2573
9944,2005.75
9945,1652
9946,1757.5
9947,1767.75
9948,2170
9949,2547.5
9950,2794.25
9951,3016.5
9952,2883.5
9953,2806.25
9954,2682.5
9955,2535.5
9956,1868.25
9957,1668.25
9958,1656.5
9959,1801.5
9960,2053
9961,2465.5
9962,2721.25
9963,2874.25
9964,2972.5
9965,2808.25
9966,2744.75
9967,2619.5
9968,1893.25
9969,1754.25
9970,1611.5
9971,1768.5
9972,2111.25
9973,2572.25
9974,2768.75
9975,2931
9976,2797
9977,2702.75
9978,2659.5
9979,2529.5
9980,1850.25
9981,1761
9982,1717.25
9983,1939.75
9984,2332.75
9985,2632.75
9986,2792.25
9987,2893.5
9988,2808.75
9989,2756.25
9990,2697.25
9991,2520.5
9992,1813.75
9993,1631
9994,1587.5
9995,1871.25
9996,2177.5
9997,2565.25
9998,2695.5
9999,2964.75
10000,2906.25
10001,2739
10002,2751.25
10003,2448.75
10004,1762.25
10005,1632.75
10006,1609
10007,1938.25
10008,2299
10009,2588.25
10010,2746.25
10011,2864.25
10012,2844.5
10013,2743.5
10014,2719.75
10015,2324.25
10016,1860.5
10017,1743.25
10018,1634
10019,2101
10020,2394
10021,2666.25
10022,2911.25
10023,2942.75
10024,2865
10025,2699
10026,2624
10027,2306.25
10028,1789
10029,1690.25
10030,1637.25
10031,1861
10032,2512.75
10033,2712.75
10034,2950.5
10035,2956.5
10036,2934
10037,2719.25
10038,2619.75
10039,2427.75
10040,1831.25
10041,1730.25
10042,1664.75
10043,1771.5
10044,2319
10045,2624
10046,2865
10047,2971.75
10048,2926.25
10049,2751.5
10050,2611.75
10051,2385
10052,1783
10053,1707
10054,1636
10055,1913
10056,2251.75
10057,2662.5
10058,2837.25
10059,3037.5
10060,2991.75
10061,2715.5
10062,2592.25
10063,2353.25
10064,1762.5
10065,1739
10066,1643.5
10067,1935.75
10068,2387.25
10069,2700.75
10070,2865
10071,2985.75
10072,2806.75
10073,2730.25
10074,2521.75
10075,2431
10076,1809.75
10077,1692.25
10078,1805
10079,1992.25
10080,2410.5
10081,2702.25
10082,2854.25
10083,2915.5
10084,2846
10085,2732.75
10086,2652
10087,2490.5
10088,1845.25
10089,1679.5
10090,1656
10091,1899.5
10092,2287.75
10093,2727.25
10094,2889.75
10095,2900.75
10096,2845.75
10097,2704.25
10098,2581.25
10099,2329
10100,1697.25
10101,1647.25
10102,1658.75
10103,1835.25
10104,2287
10105,2723.25
10106,2919.75
10107,2938.75
10108,2837.5
10109,2662.25
10110,2553.25
10111,2360.25
10112,1796.75
10113,1716.25
10114,1693.75
10115,1951
10116,2214.5
10117,2632.75
10118,2970.5
10119,2924.5
10120,2874.25
10121,2721.75
10122,2584.75
10123,2416.5
10124,1852.75
10125,1689.75
10126,1632.25
10127,1907.75
10128,2424.75
10129,2654.25
10130,2913.25
10131,2976
10132,2988
10133,2759.5
10134,2630.5
10135,2391
10136,1718
10137,1715
10138,1749.5
10139,1798.25
10140,2209
10141,2713
10142,2882.75
10143,3006
10144,2937
10145,2706.5
10146,2640
10147,2336.25
10148,1811.75
10149,1770.25
10150,1667.75
10151,1930.25
10152,2428.25
10153,2673
10154,2883
10155,2863.75
10156,2807.25
10157,2632.75
10158,2738.75
10159,2440.5
10160,1794.75
10161,1762.5
10162,1647.75
10163,1907.5
10164,2263.25
10165,2556.5
10166,2809
10167,2903
10168,2914.5
10169,2760.75
10170,2722.25
10171,2324.5
10172,1742
10173,1652.5
10174,1681.5
10175,1816.25
10176,2392
10177,2576.5
10178,3125.25
10179,3163.75
10180,3040.75
10181,2821
10182,2604
10183,2374.5
10184,1798.25
10185,1803.5
10186,1653.25
10187,1990.75
10188,2387.5
10189,2589
10190,2833.5
10191,2903.5
10192,2843.5
10193,2722.25
10194,2667
10195,2419.25
10196,1889.25
10197,1804.25
10198,1715.75
10199,1936.5
10200,2357
10201,2705.5
10202,2769
10203,2898
10204,2871.5
10205,2788.25
10206,2676.25
10207,2366.5
10208,1833.75
10209,1610.25
10210,1653.25
10211,1900.5
10212,2384
10213,2637.75
10214,2893.5
10215,2929.75
10216,2794.75
10217,2627.75
10218,2639
10219,2511
10220,1875
10221,1731.75
10222,1749.75
10223,2112
10224,2449.25
10225,2662.5
10226,2888.75
10227,2882.5
10228,2838.75
10229,2783
10230,2680.75
10231,2466.75
10232,1889
10233,1636.25
10234,1625.5
10235,1864.25
10236,2389
10237,2597
10238,2878.5
10239,2891.5
10240,2845
10241,2722.25
10242,2595.5
10243,2411
10244,1855.25
10245,1710
10246,1712.75
10247,1974.5
10248,2465.25
10249,2710.75
10250,2916.25
10251,2765.75
10252,2818.25
10253,2769
10254,2662.5
10255,2405.25
10256,1820.5
10257,1607.75
10258,1642.25
10259,1871.75
10260,2217.25
10261,2498.5
10262,2910.5
10263,3079
10264,2881.5
10265,2788.75
10266,2626
10267,2359.5
10268,1745.5
10269,1702.25
10270,1664.25
10271,1844
10272,2290.25
10273,2688.25
10274,3064.75
10275,3221.25
10276,3124.25
10277,2853.5
10278,2682.25
10279,2244
10280,1821.75
10281,1808.75
10282,1745
10283,2149.25
10284,2485.75
10285,2783.25
10286,2825.25
10287,2868.75
10288,2799.75
10289,2692.75
10290,2485
10291,2285.5
10292,1878.5
10293,1616
10294,1707
10295,2125.25
10296,2517.5
10297,2784.25
10298,2953
10299,2891
10300,2797.25
10301,2733
10302,2677.5
10303,2319
10304,1855.75
10305,1739
10306,1705.5
10307,2107
10308,2446
10309,2668.75
10310,2887.25
10311,2920.5
10312,2830.25
10313,2687.5
10314,2530.25
10315,2202.25
10316,1859.5
10317,1738.5
10318,1734.25
10319,2150.75
10320,2588
10321,2841.5
10322,3072.25
10323,3055.25
10324,2729.75
10325,2712.25
10326,2671.75
10327,2292.25
10328,1779.25
10329,1741.25
10330,1719.5
10331,2106
10332,2452.5
10333,2737.25
10334,2865.25
10335,2925.5
10336,2698.5
10337,2683.25
10338,2627.25
10339,2197
10340,1830.5
10341,1737.5
10342,1826.75
10343,2187.5
10344,2537.5
10345,2803
10346,2924.5
10347,2903.5
10348,2880.5
10349,2782.5
10350,2659.5
10351,2137.5
10352,1708
10353,1655
10354,1699
10355,2068.5
10356,2481
10357,2753
10358,2781
10359,2959
10360,2913
10361,2767
10362,2567
10363,2165.25
10364,1777.5
10365,1687.5
10366,1695.75
10367,2154.25
10368,2623.5
10369,2999.75
10370,3026.5
10371,3042
10372,2821.75
10373,2706.25
10374,2656.25
10375,2102.5
10376,1744.5
10377,1779.75
10378,1673.5
10379,2113
10380,2553.5
10381,2923
10382,3166.5
10383,3265.5
10384,3088
10385,2706.5
10386,2539.75
10387,2137
10388,1699.75
10389,1697.75
10390,1720.75
10391,2058.25
10392,2524
10393,2568
10394,2896.5
10395,2964.5
10396,2873.5
10397,2823.75
10398,2650.5
10399,2053.5
10400,1783.75
10401,1653.75
10402,1723.75
10403,2266
10404,2647.5
10405,2764
10406,3108.5
10407,3058
10408,2758.75
10409,2619.75
10410,2552.25
10411,2031.75
10412,1774.75
10413,1701.25
10414,1776.75
10415,2155
10416,2607.5
10417,2861.25
10418,2851.25
10419,2801.25
10420,2745.5
10421,2739.25
10422,2575
10423,2081
10424,1797.75
10425,1769.25
10426,1740
10427,2257.5
10428,2450.5
10429,2729.75
10430,2869.25
10431,3003.25
10432,2900.75
10433,2719.5
10434,2530.25
10435,1886.5
10436,1687.25
10437,1616.5
10438,1732.75
10439,2095.25
10440,2517.75
10441,2738.25
10442,3076.25
10443,3159
10444,2969.25
10445,2823.25
10446,2537.25
10447,1857.5
10448,1717.75
10449,1611
10450,1704.75
10451,2277.75
10452,2612.25
10453,3169.5
10454,3282.75
10455,3408.5
10456,3228.75
10457,3019.5
10458,2660.75
10459,2141.5
10460,1865.25
10461,1753
10462,1828.5
10463,2565.5
10464,2912
10465,3268.25
10466,3242.5
10467,3226.75
10468,2808.25
10469,2667.5
10470,2418
10471,2143.5
10472,1956.75
10473,1827.25
10474,2067.75
10475,2259.25
10476,2591.5
10477,2835.5
10478,2906.25
10479,2889
10480,2883.25
10481,2691.25
10482,2395.75
10483,1885.5
10484,1727.75
10485,1630
10486,1732.75
10487,1981.75
10488,2522.25
10489,3119.5
10490,3167.5
10491,2871.5
10492,2795.5
10493,2705.25
10494,2567.25
10495,1875.25
10496,1686
10497,1729
10498,1662.25
10499,2240.5
10500,2583.5
10501,2691.25
10502,2892
10503,2921.25
10504,2745
10505,2657.25
10506,2486.25
10507,1834.75
10508,1699.5
10509,1702.75
10510,1756
10511,2189.5
10512,2508.75
10513,2749.75
10514,2822.75
10515,2850.5
10516,2753.5
10517,2619.75
10518,2483.25
10519,1793.75
10520,1739
10521,1619.5
10522,1801.25
10523,2269.5
10524,2678.25
10525,2910.25
10526,2870.5
10527,2867.5
10528,2750.25
10529,2614.75
10530,2461.25
10531,1788
10532,1652.75
10533,1628.75
10534,1806.5
10535,2193.75
10536,2601.5
10537,2968.25
10538,2968
10539,2886.5
10540,2691.5
10541,2608.25
10542,2421.75
10543,1799.25
10544,1689.25
10545,1590
10546,1802
10547,2208
10548,2513.25
10549,2668
10550,2916.5
10551,2878.25
10552,2743.75
10553,2625.5
10554,2432.25
10555,1769.75
10556,1625.25
10557,1541.75
10558,1897.5
10559,2326.5
10560,2701.5
10561,2746
10562,2870.25
10563,2803.25
10564,2590
10565,2500.5
10566,2441.25
10567,1740.25
10568,1573.25
10569,1606.75
10570,1776.75
10571,2364.5
10572,2807
10573,3016.75
10574,3017.75
10575,2958.5
10576,2733.75
10577,2647.25
10578,2384.5
10579,1762.75
10580,1661.25
10581,1611.75
10582,1887.5
10583,2371.75
10584,2659.5
10585,2768.75
10586,2824.75
10587,2820.5
10588,2728.25
10589,2629.25
10590,2530.25
10591,1730.5
10592,1706.5
10593,1598.25
10594,1806
10595,2301.25
10596,2506
10597,2738.25
10598,2873.75
10599,2802.25
10600,2679.25
10601,2644.5
10602,2404.25
10603,1770.75
10604,1589.75
10605,1566.5
10606,1713
10607,2157.5
10608,2493.5
10609,2789.75
10610,3018.5
10611,2832.75
10612,2775
10613,2617.5
10614,2357.25
10615,1718.5
10616,1598.75
10617,1584.25
10618,1710
10619,2034.75
10620,2414.25
10621,2746.5
10622,2927.75
10623,2876
10624,2655
10625,2635.75
10626,2486
10627,1762.25
10628,1619.75
10629,1541.75
10630,1669.5
10631,2193.5
10632,2477
10633,2793.75
10634,2911.25
10635,2856.75
10636,2671.5
10637,2538.5
10638,2441
10639,1783.75
10640,1628.5
10641,1614.25
10642,1787.5
10643,2220
10644,2560.75
10645,2768.5
10646,2848
10647,2711.25
10648,2726
10649,2731
10650,2463.5
10651,1714.75
10652,1628.75
10653,1546
10654,1729
10655,2211.75
10656,2540.5
10657,2602.25
10658,2803
10659,2798.5
10660,2773.5
10661,2584.75
10662,2469.25
10663,1698
10664,1579
10665,1528.5
10666,1672.25
10667,2247
10668,2597.75
10669,2706.25
10670,2721.25
10671,2896
10672,2647.25
10673,2555.5
10674,2400
10675,1774
10676,1660.25
10677,1661.75
10678,1993.25
10679,2386.25
10680,2580.5
10681,2741.25
10682,2885
10683,2774.5
10684,2710.5
10685,2575.75
10686,2394
10687,1694.5
10688,1644.5
10689,1551
10690,1784.25
10691,2256.75
10692,2701.75
10693,2930.5
10694,2830.75
10695,2710.25
10696,2663.75
10697,2610.25
10698,2415.25
10699,1710.75
10700,1619
10701,1577.75
10702,1857.75
10703,2218
10704,2654
10705,2809.5
10706,2910.25
10707,2747.5
10708,2656.75
10709,2504.5
10710,2347.5
10711,1767.75
10712,1695.5
10713,1619.25
10714,1810.5
10715,2438.25
10716,2502.5
10717,2818.5
10718,2755.5
10719,2726
10720,2904.5
10721,2585.25
10722,2365.25
10723,1670
10724,1638.25
10725,1561.25
10726,1703
10727,2113.25
10728,2617.75
10729,2846.75
10730,2953.25
10731,3055.25
10732,2724.25
10733,2602.75
10734,2422.5
10735,1776.25
10736,1625.25
10737,1721.25
10738,1972.5
10739,2439
10740,2640.5
10741,2800
10742,2874.25
10743,2729.5
10744,2621.75
10745,2534.5
10746,2029.5
10747,1762
10748,1733
10749,1717
10750,2081
10751,2526.5
10752,2751
10753,2824.25
10754,2970.25
10755,2745
10756,2573.25
10757,2479.75
10758,2135.25
10759,1733.75
10760,1729
10761,1675
10762,1869.75
10763,2376.75
10764,2766.25
10765,2816.25
10766,3000
10767,2861.5
10768,2647.5
10769,2501.25
10770,2006
10771,1668.5
10772,1596.25
10773,1584.75
10774,1930.75
10775,2377.75
10776,2653
10777,2902.75
10778,2909.5
10779,2748
10780,2678.75
10781,2508.75
10782,2071.75
10783,1721.75
10784,1653.75
10785,1684.5
10786,1959
10787,2275
10788,2529
10789,2896
10790,2965.75
10791,2754
10792,2688
10793,2544
10794,1916.25
10795,1708.25
10796,1570.75
10797,1624.25
10798,1934
10799,2462.5
10800,2590
10801,2982.5
10802,2892.25
10803,2804
10804,2707
10805,2552.5
10806,1962
10807,1699
10808,1574.25
10809,1683.75
10810,2017.25
10811,2442.25
10812,2560
10813,2747.5
10814,2922
10815,2743
10816,2676.25
10817,2510.25
10818,1935.5
10819,1708
10820,1569.5
10821,1665.25
10822,2059
10823,2410.5
10824,2716
10825,2847.5
10826,2837.25
10827,2690.5
10828,2632.25
10829,2458.5
10830,1922.25
10831,1729.5
10832,1664.25
10833,1720.25
10834,2144.5
10835,2438
10836,2772.5
10837,2926.75
10838,2929
10839,2786
10840,2686.25
10841,2449.25
10842,1884.75
10843,1663.5
10844,1558.75
10845,1536.5
10846,2156
10847,2527.5
10848,2813
10849,2935
10850,2896.5
10851,2692.25
10852,2628.75
10853,2493.25
10854,1900.25
10855,1728
10856,1630.75
10857,1702.75
10858,2133.75
10859,2510.25
10860,2689
10861,2843
10862,2847
10863,2705.75
10864,2633.25
10865,2569.25
10866,1883.25
10867,1641.75
10868,1549.5
10869,1754.75
10870,2264.5
10871,2522
10872,2776.5
10873,2831
10874,2813.75
10875,2720.25
10876,2628
10877,2565.5
10878,1896.25
10879,1631.5
10880,1570
10881,1695.5
10882,2059.25
10883,2491
10884,2653.25
10885,2908.25
10886,2835
10887,2702
10888,2570.5
10889,2468.75
10890,1916.5
10891,1667.75
10892,1599.75
10893,1665.25
10894,2074
10895,2516.5
10896,2716.5
10897,2886.5
10898,2834.5
10899,2772
10900,2634
10901,2524.75
10902,1910.25
10903,1638.5
10904,1653
10905,1740.25
10906,2169.5
10907,2715.25
10908,2823.25
10909,2942.5
10910,2934.25
10911,2790.5
10912,2644.5
10913,2512
10914,1881.75
10915,1619.25
10916,1556.75
10917,1741.25
10918,2105
10919,2389.75
10920,2692.5
10921,2965.5
10922,2786.75
10923,2794
10924,2619.25
10925,2600
10926,1876.5
10927,1612
10928,1667
10929,1658.75
10930,2147.75
10931,2491.5
10932,2738
10933,2843.75
10934,2822.75
10935,2738.75
10936,2593.75
10937,2433.75
10938,1866.75
10939,1689
10940,1646
10941,1711.25
10942,2121
10943,2530.25
10944,2699.5
10945,2799.5
10946,2794
10947,2723.75
10948,2653.25
10949,2475.25
10950,1881
10951,1622.75
10952,1653.75
10953,1819.25
10954,2252
10955,2525.25
10956,2766.75
10957,2814
10958,2889.25
10959,2850
10960,2628.5
10961,2468.5
10962,1748.25
10963,1660.25
10964,1572.75
10965,1803.5
10966,1995.25
10967,2461.5
10968,2697.75
10969,2912
10970,3048.5
10971,2915
10972,2736.5
10973,2382.25
10974,1782.75
10975,1633
10976,1541.5
10977,1741
10978,2195.25
10979,2515
10980,2725.5
10981,2780.25
10982,2826.75
10983,2630.5
10984,2639.25
10985,2416.75
10986,1833
10987,1720.25
10988,1631.5
10989,1752.75
10990,2190
10991,2427.25
10992,2802.25
10993,3023.75
10994,2984
10995,2759.5
10996,2645.5
10997,2428.25
10998,1811.25
10999,1635
11000,1650.25
11001,1662.75
11002,2130.5
11003,2567.75
11004,2892.25
11005,2958.75
11006,2930.75
11007,2830.25
11008,2646.75
11009,2412.75
11010,1749
11011,1586.5
11012,1552.25
11013,1760.25
11014,2271
11015,2640.75
11016,2841.75
11017,2941
11018,2846.25
11019,2765.25
11020,2604.5
11021,2464.75
11022,1781.5
11023,1695
11024,1577.5
11025,1760.75
11026,2125.25
11027,2464.25
11028,2703
11029,2811.75
11030,2953.75
11031,2810
11032,2727.25
11033,2556.75
11034,1897
11035,1667
11036,1629.75
11037,1684.5
11038,2034.5
11039,2488
11040,2693.25
11041,2779.25
11042,2934
11043,2781.25
11044,2809
11045,2500.25
11046,1936
11047,1608
11048,1575.5
11049,1631.25
11050,1986.25
11051,2372.5
11052,2677.25
11053,2908.75
11054,2978.25
11055,2820
11056,2725.5
11057,2525.25
11058,1665.25
11059,1682.25
11060,1583.5
11061,1679.75
11062,2056.25
11063,2585.25
11064,2725.5
11065,2994.75
11066,3015.5
11067,2820.75
11068,2725
11069,2512.5
11070,2015.5
11071,1651.25
11072,1588.5
11073,1658.75
11074,2079.5
11075,2367.75
11076,2657.5
11077,2792
11078,2860.25
11079,2740.5
11080,2677.25
11081,2537.5
11082,1952
11083,1680
11084,1579.5
11085,1628.75
11086,2123
11087,2444.5
11088,2776
11089,3008.25
11090,3071
11091,2894
11092,2704.75
11093,2498.25
11094,1784.5
11095,1619.25
11096,1572
11097,1643.25
11098,2063.75
11099,2480.5
11100,2843
11101,3004
11102,2956.25
11103,2832
11104,2593
11105,2514.75
11106,1933.75
11107,1644.25
11108,1598
11109,1626.25
11110,2025
11111,2416.25
11112,2628.5
11113,2754
11114,2897.25
11115,2789.25
11116,2664.75
11117,2519.75
11118,2090.25
11119,1654.75
11120,1597.75
11121,1619.25
11122,1882.75
11123,2283.5
11124,2613
11125,2890.5
11126,2991.75
11127,2850.5
11128,2654.5
11129,2571
11130,2044
11131,1683.25
11132,1596.5
11133,1590.25
11134,1785.75
11135,2433
11136,2729.5
11137,3017.75
11138,3034.5
11139,2958.5
11140,2754.25
11141,2607.25
11142,2083.25
11143,1618
11144,1645.75
11145,1574.75
11146,1978.25
11147,2494.25
11148,2757.75
11149,2839
11150,2888.25
11151,2781
11152,2632.75
11153,2532.25
11154,2127.75
11155,1695.25
11156,1653.75
11157,1679.75
11158,1939.5
11159,2303.25
11160,2633.75
11161,2831
11162,2929.5
11163,2847
11164,2760.75
11165,2586
11166,2079.25
11167,1727
11168,1564.25
11169,1657.5
11170,1847.25
11171,2367
11172,2756.75
11173,3046.25
11174,3273
11175,2989.75
11176,2771.25
11177,2578.25
11178,1971
11179,1660.75
11180,1588
11181,1641
11182,2032.5
11183,2407.75
11184,2683.25
11185,2746.5
11186,2868.75
11187,2827
11188,2633
11189,2672.25
11190,2211.25
11191,1721.5
11192,1690.75
11193,1698.25
11194,2034.75
11195,2518.75
11196,2580.25
11197,2668.25
11198,2954
11199,2884.75
11200,2709.75
11201,2521
11202,2074.25
11203,1692.25
11204,1591
11205,1548.5
11206,1930.75
11207,2532.5
11208,2695
11209,2790.5
11210,2862
11211,2846.75
11212,2672.75
11213,2594.5
11214,2021
11215,1689
11216,1621
11217,1603.5
11218,2170
11219,2517.25
11220,2841.75
11221,3105.5
11222,3083.5
11223,3040
11224,2791.25
11225,2545
11226,2004
11227,1638.25
11228,1651
11229,1631
11230,2155.25
11231,2725.5
11232,2912.75
11233,2993
11234,3003
11235,2911
11236,2714
11237,2528.25
11238,2123
11239,1708
11240,1623.75
11241,1642.5
11242,1991.75
11243,2372.25
11244,2650.75
11245,2914.5
11246,2739.75
11247,2920.25
11248,2834.25
11249,2614
11250,2218.25
11251,1647
11252,1589.5
11253,1653.75
11254,1828
11255,2329
11256,2748
11257,2838.25
11258,3057.5
11259,3036.25
11260,2870.75
11261,2644.5
11262,2093
11263,1664.75
11264,1629
11265,1677.25
11266,1978.25
11267,2371.5
11268,2636.25
11269,2887.75
11270,2794.75
11271,2885.5
11272,2684
11273,2619.75
11274,2101
11275,1638.25
11276,1596.25
11277,1701.5
11278,1969.25
11279,2690.75
11280,2661.75
11281,2738.75
11282,2901.5
11283,2898.75
11284,2840.75
11285,2710.75
11286,2113.25
11287,1658.75
11288,1610.5
11289,1570.5
11290,1952
11291,2380
11292,2673.25
11293,2873.25
11294,2873
11295,2902.25
11296,2656.75
11297,2495.25
11298,2106
11299,1650.5
11300,1525.5
11301,1672.5
11302,2032.5
11303,2562.5
11304,2798
11305,2991.75
11306,3222.5
11307,2971.75
11308,2735.5
11309,2541.75
11310,2009.75
11311,1712.25
11312,1624.25
11313,1723.5
11314,2052
11315,2644
11316,2704.5
11317,2853
11318,2912
11319,2810.25
11320,2741.5
11321,2530.5
11322,2015.75
11323,1660.5
11324,1556.25
11325,1545.75
11326,1871.5
11327,2410.5
11328,2655
11329,2947.75
11330,3032
11331,3092.75
11332,2961.25
11333,2595.25
11334,2008
11335,1662.5
11336,1543.25
11337,1723
11338,2112.5
11339,2714.75
11340,3003
11341,3013.75
11342,2950
11343,2930
11344,2751.25
11345,2558.75
11346,1968.75
11347,1652.75
11348,1584.5
11349,1628.25
11350,1977.25
11351,2396.75
11352,2677.5
11353,2850.5
11354,2886.25
11355,2845.5
11356,2652
11357,2577.25
11358,2039.75
11359,1685.25
11360,1670.75
11361,1642.75
11362,2201
11363,2533
11364,2827.5
11365,3043.5
11366,2999.25
11367,2796
11368,2562.25
11369,2674
11370,2140.5
11371,1732.75
11372,1708.25
11373,1709
11374,1900.5
11375,2497.5
11376,2667.5
11377,2963.25
11378,2915.75
11379,2918.25
11380,2688.25
11381,2614.5
11382,2114
11383,1673.5
11384,1618.75
11385,1594.75
11386,1918
11387,2337.75
11388,2626.5
11389,2791
11390,2938.75
11391,3087.75
11392,2855
11393,2716.25
11394,1819.75
11395,1601.25
11396,1610.25
11397,1669.75
11398,2144
11399,2704.25
11400,3127.25
11401,3300.25
11402,3009
11403,2930
11404,2647
11405,2489.5
11406,1809.25
11407,1639
11408,1594.5
11409,1647.25
11410,2154
11411,2525
11412,2637
11413,2813.75
11414,2846.5
11415,2815.5
11416,2632.75
11417,2390.25
11418,1813
11419,1588.25
11420,1651.75
11421,1766.25
11422,2293.75
11423,2665.75
11424,2830.75
11425,2842
11426,2832.5
11427,2900.5
11428,2797.75
11429,2609.25
11430,1783.5
11431,1599
11432,1578
11433,1699
11434,2092.75
11435,2464.25
11436,2769.25
11437,2882.75
11438,2914.5
11439,2909.75
11440,2689.25
11441,2542.75
11442,1743
11443,1617.75
11444,1572.5
11445,1715.75
11446,2215.5
11447,2433.25
11448,2777.25
11449,2947.75
11450,2962.5
11451,2960.25
11452,2759.5
11453,2417
11454,1681
11455,1565.75
11456,1505.75
11457,1698.75
11458,2358
11459,2810
11460,3168.75
11461,3169.25
11462,3032.25
11463,2850.25
11464,2712
11465,2473
11466,1785.25
11467,1572
11468,1560
11469,1692
11470,2127
11471,2647
11472,2718.75
11473,2722.75
11474,2874.5
11475,2944.25
11476,2793.75
11477,2576.25
11478,1803.5
11479,1677.5
11480,1638.25
11481,1701.5
11482,2105
11483,2459.5
11484,2690
11485,3083.25
11486,3124
11487,2960
11488,2738.5
11489,2552.5
11490,1754.75
11491,1633.75
11492,1585
11493,1734.75
11494,2126.5
11495,2659.5
11496,2728.25
11497,2867.25
11498,2976.75
11499,2885.25
11500,2686
11501,2491.5
11502,1831.25
11503,1652.25
11504,1657.5
11505,1722.25
11506,2298.5
11507,2674.25
11508,2902.75
11509,2960.25
11510,2841
11511,2815.75
11512,2786.75
11513,2565.75
11514,1770
11515,1746.75
11516,1593.75
11517,1864.25
11518,2250.75
11519,2681.25
11520,2824.25
11521,2875.5
11522,2991.5
11523,2801.5
11524,2760.75
11525,2601
11526,1761
11527,1597.25
11528,1584
11529,1814.75
11530,2277.25
11531,2627
11532,3031.5
11533,3100.25
11534,3036.5
11535,2889
11536,2633.75
11537,2600
11538,1774.5
11539,1706.75
11540,1605.75
11541,1825
11542,2463.75
11543,2579
11544,2872.25
11545,2884
11546,2956
11547,2865.75
11548,2762
11549,2692.25
11550,1872.75
11551,1721
11552,1687
11553,1680
11554,2139.25
11555,2490.75
11556,2849.25
11557,2907.25
11558,2903.75
11559,2851.75
11560,2569
11561,2510
11562,1821.5
11563,1587.5
11564,1624.5
11565,1748.75
11566,2242.5
11567,2839
11568,3090.5
11569,3093.5
11570,2958.25
11571,2861
11572,2749
11573,2623.25
11574,1834.25
11575,1637.5
11576,1585
11577,1746.25
11578,2381.5
11579,2622.5
11580,2819.75
11581,2905.25
11582,2908
11583,2890.5
11584,2710
11585,2494
11586,1836.25
11587,1604.25
11588,1575.25
11589,1706
11590,2153
11591,2478.25
11592,2660.5
11593,2874.5
11594,3008
11595,2852.5
11596,2758.25
11597,2504.5
11598,1805.25
11599,1595.75
11600,1556.5
11601,1732.5
11602,2238.25
11603,2558.75
11604,3007.5
11605,3016.25
11606,3191
11607,2901.25
11608,2723.5
11609,2557.75
11610,1796.5
11611,1649.75
11612,1600
11613,1664.5
11614,2128.75
11615,2553
11616,2743.25
11617,2878.75
11618,2856
11619,2833.25
11620,2733.25
11621,2450.25
11622,1847.75
11623,1645.5
11624,1609.5
11625,1827.25
11626,2393.25
11627,2565.5
11628,2897.5
11629,2761
11630,2867.25
11631,2963
11632,2717.25
11633,2536.75
11634,1861.5
11635,1595.5
11636,1566.25
11637,1662.75
11638,2080
11639,2511
11640,2722.5
11641,2869.75
11642,2884.25
11643,2947.75
11644,2708
11645,2418.5
11646,1871.25
11647,1662
11648,1601.75
11649,1836.75
11650,2360
11651,2508.25
11652,2805.25
11653,2836.5
11654,2916
11655,2911
11656,2775.25
11657,2584
11658,1859.5
11659,1723.5
11660,1629.25
11661,1672.25
11662,2184
11663,2584.25
11664,2814.25
11665,2910.75
11666,2906.5
11667,2852.5
11668,2658
11669,2497
11670,1771.25
11671,1655.75
11672,1598.25
11673,1746.5
11674,2204
11675,2615.25
11676,3154.75
11677,3292.75
11678,3117.75
11679,2798.25
11680,2711.25
11681,2489.75
11682,1758.25
11683,1680.25
11684,1612.75
11685,1790
11686,2264.75
11687,2609.25
11688,2840.25
11689,2893
11690,2928.5
11691,2806.75
11692,2708
11693,2588
11694,1909.5
11695,1686.5
11696,1640.25
11697,1734.5
11698,2114.25
11699,2458.25
11700,2737
11701,2980.25
11702,2903
11703,3037
11704,2804.5
11705,2594
11706,1794.5
11707,1670.25
11708,1644.25
11709,1710.75
11710,2211.25
11711,2563
11712,2796.75
11713,2934.5
11714,2816
11715,2764.5
11716,2759.75
11717,2468.5
11718,1825
11719,1683.75
11720,1545
11721,1830.25
11722,2041.75
11723,2602.25
11724,2866
11725,2912.75
11726,3297.75
11727,3022.75
11728,2904.5
11729,2534
11730,1825
11731,1627.5
11732,1543
11733,1877.25
11734,2276.75
11735,2528
11736,2887.75
11737,2793.25
11738,2875.25
11739,2893.25
11740,2656.75
11741,2464.5
11742,1840.5
11743,1624.75
11744,1664
11745,1763.75
11746,2270.25
11747,2519.25
11748,2721.5
11749,2855.5
11750,2966.25
11751,2963.5
11752,2782.25
11753,2599.75
11754,1835.5
11755,1598.25
11756,1567.25
11757,1811
11758,2218.5
11759,2576.5
11760,2855.5
11761,2892.25
11762,2940
11763,2787.25
11764,2682.5
11765,2615.75
11766,1849.75
11767,1681.25
11768,1588
11769,1758.25
11770,2328
11771,2725.5
11772,3140.5
11773,3256
11774,3263.25
11775,2905.5
11776,2652
11777,2456
11778,1811.75
11779,1705
11780,1521.75
11781,1808
11782,2332.5
11783,2593.25
11784,2752.75
11785,2942.5
11786,2901.25
11787,2833
11788,2667.25
11789,2521
11790,1945.5
11791,1701.25
11792,1628.25
11793,1625.25
11794,2094
11795,2481
11796,2851.75
11797,3184.75
11798,3247.75
11799,3219.25
11800,2871.75
11801,2671
11802,1944.5
11803,1662.75
11804,1568
11805,1689.5
11806,2210.25
11807,2866.75
11808,3105
11809,3079.5
11810,2956
11811,2855.75
11812,2802
11813,2658.5
11814,2010.25
11815,1623.5
11816,1538.5
11817,1692.25
11818,2106.5
11819,2390.5
11820,2789
11821,2971.75
11822,3107.5
11823,3000.5
11824,2832.5
11825,2605.5
11826,2078.5
11827,1642.25
11828,1562.75
11829,1624.75
11830,1874.75
11831,2378.75
11832,2857.75
11833,3199
11834,3236
11835,3057.75
11836,2824
11837,2644.75
11838,2058
11839,1632.5
11840,1644.25
11841,1639.5
11842,1933
11843,2455
11844,2816.5
11845,2999
11846,3260.25
11847,3213.75
11848,3043
11849,2725
11850,2181.5
11851,1615.25
11852,1609.75
11853,1610.25
11854,2053
11855,2568.5
11856,2830.5
11857,3072.75
11858,3086.75
11859,2975
11860,2750.5
11861,2607.25
11862,2087.75
11863,1747
11864,1620.75
11865,1622.75
11866,2053.5
11867,2441.75
11868,2737.75
11869,2800.25
11870,2903.5
11871,2734.25
11872,2832
11873,2689.75
11874,2343.75
11875,1753
11876,1741.75
11877,1790.25
11878,2010.25
11879,2388.75
11880,2673.75
11881,2819.75
11882,2967.5
11883,2928.75
11884,2880
11885,2626
11886,2248
11887,1714.5
11888,1574
11889,1621.75
11890,1910.25
11891,2483.25
11892,2679
11893,2809.75
11894,2968.5
11895,2996.75
11896,2789.5
11897,2654.75
11898,2266.5
11899,1722.75
11900,1680.25
11901,1815.75
11902,2294
11903,2604.25
11904,2936.25
11905,2879.25
11906,2915.5
11907,2885
11908,2678
11909,2674.25
11910,2307
11911,1682.5
11912,1691.25
11913,1693.25
11914,1947
11915,2419.25
11916,2683.5
11917,2777.5
11918,2889.75
11919,2935.25
11920,2845.75
11921,2671.5
11922,2367.25
11923,1787.5
11924,1625
11925,1629.5
11926,1894.5
11927,2295
11928,2561.25
11929,2895
11930,2968
11931,2986.5
11932,3010
11933,2743.75
11934,2366.5
11935,1775.25
11936,1635.25
11937,1558.75
11938,1895.25
11939,2264.5
11940,2493.5
11941,2906.5
11942,3040
11943,3155.5
11944,3008.75
11945,2858.25
11946,2408
11947,1782
11948,1694
11949,1621.25
11950,1808.25
11951,2362.5
11952,2661.75
11953,2918.75
11954,2929.75
11955,2909.25
11956,2732.25
11957,2674.75
11958,2365
11959,1763.25
11960,1733.5
11961,1621.25
11962,1913
11963,2507
11964,2745.5
11965,3079
11966,3179
11967,3248.75
11968,2892.75
11969,2762
11970,2336.75
11971,1725
11972,1663
11973,1637.25
11974,1992.25
11975,2560.5
11976,2980.5
11977,2931.75
11978,2986.5
11979,2982.5
11980,2862.5
11981,2673.5
11982,2346.25
11983,1777.25
11984,1648.75
11985,1600
11986,1954.5
11987,2314.25
11988,2716
11989,2729.5
11990,2887.5
11991,3019.75
11992,2921.75
11993,2784.5
11994,2396.75
11995,1781
11996,1618
11997,1674
11998,1903.25
11999,2275
12000,2618.75